2 0.2484375 0.42890625 0.265625 0.34609375
2 0.775 0.39765625 0.45 0.40703125
2 0.48359375 0.175 0.046875 0.34921875
2 0.83203125 0.946875 0.33515625 0.10625
2 0.896875 0.12421875 0.20625 0.1390625
2 0.63046875 0.89453125 0.08125 0.2109375
2 0.771875 0.6703125 0.45546875 0.14140625
2 0.18984375 0.78828125 0.3796875 0.05234375
2 0.159375 0.13046875 0.11171875 0.259375
2 0.3484375 0.34375 0.11875 0.39140625
2 0.5078125 0.52109375 0.0703125 0.3203125
2 0.59609375 0.15234375 0.12578125 0.303125
2 0.76484375 0.096875 0.15234375 0.190625
2 0.17734375 0.66328125 0.35390625 0.1265625
2 0.05 0.12578125 0.1 0.2515625