2 0.44609375 0.53125 0.1015625 0.1953125
2 0.6890625 0.60234375 0.08984375 0.275
2 0.0921875 0.86171875 0.184375 0.24921875
2 0.56171875 0.86171875 0.03828125 0.23828125
2 0.19140625 0.553125 0.0625 0.275
2 0.0671875 0.596875 0.134375 0.178125
2 0.2609375 0.509375 0.059375 0.43984375
2 0.034375 0.41015625 0.0453125 0.19296875
2 0.94921875 0.44140625 0.1015625 0.15546875
2 0.44140625 0.35078125 0.0359375 0.15625
2 0.3125 0.39296875 0.16953125 0.19921875
2 0.2859375 0.2328125 0.01875 0.11640625