2 0.61875 0.83984375 0.75859375 0.08125
2 0.36640625 0.3171875 0.14140625 0.509375
2 0.58671875 0.23828125 0.1609375 0.4765625
2 0.884375 0.1828125 0.23046875 0.3578125
2 0.8 0.59921875 0.4 0.4046875
2 0.35859375 0.684375 0.27109375 0.22890625
2 0.16796875 0.47265625 0.2484375 0.19375
2 0.11171875 0.75703125 0.22265625 0.1421875
2 0.51953125 0.52109375 0.15859375 0.08203125
2 0.22265625 0.128125 0.04765625 0.253125
2 0.2328125 0.25234375 0.1109375 0.25
2 0.0484375 0.28515625 0.096875 0.1703125
2 0.71953125 0.2421875 0.0984375 0.309375
2 0.5515625 0.68125 0.10703125 0.2359375