2 0.153125 0.33828125 0.30625 0.6765625
2 0.5203125 0.42578125 0.08046875 0.8453125
2 0.6375 0.13125 0.14140625 0.2546875
2 0.80078125 0.44765625 0.16640625 0.5296875
2 0.63828125 0.51796875 0.17890625 0.39140625
2 0.11796875 0.88984375 0.2359375 0.2203125
2 0.0953125 0.7296875 0.190625 0.1
2 0.34453125 0.90703125 0.2078125 0.18203125
2 0.34921875 0.57265625 0.10546875 0.49296875
2 0.38984375 0.19921875 0.16640625 0.25703125
2 0.746875 0.86015625 0.36015625 0.2796875
2 0.865625 0.0921875 0.12890625 0.1796875