2 0.709375 0.5 0.08203125 1
2 0.875 0.46328125 0.25 0.4578125
2 0.8890625 0.1125 0.221875 0.225
2 0.4921875 0.3109375 0.11875 0.621875
2 0.87578125 0.821875 0.24765625 0.246875
2 0.60625 0.55703125 0.128125 0.13046875
2 0.3734375 0.3703125 0.084375 0.740625
2 0.12421875 0.496875 0.2484375 0.28828125
2 0.3046875 0.7921875 0.22109375 0.2921875
2 0.29375 0.4 0.08359375 0.4921875
2 0.121875 0.1765625 0.175 0.353125
2 0.51953125 0.76640625 0.05859375 0.2890625
2 0.57890625 0.76328125 0.04375 0.2765625
2 0.63515625 0.73359375 0.07421875 0.21953125
2 0.621875 0.18515625 0.08359375 0.20078125