2 0.63203125 0.90078125 0.24375 0.1984375
2 0.3578125 0.17734375 0.1921875 0.34375
2 0.07734375 0.73046875 0.06640625 0.28515625
2 0.90703125 0.91015625 0.171875 0.1625
2 0.41171875 0.53984375 0.0875 0.3859375
2 0.2203125 0.4828125 0.28671875 0.259375
2 0.68125 0.4046875 0.22109375 0.2984375
2 0.5078125 0.09609375 0.11875 0.1921875
2 0.50703125 0.34375 0.10703125 0.3015625
2 0.834375 0.18515625 0.04140625 0.36328125
2 0.76015625 0.12890625 0.0703125 0.253125
2 0.89453125 0.61484375 0.0546875 0.4171875
2 0.50859375 0.64921875 0.11484375 0.30234375
2 0.1328125 0.28203125 0.1609375 0.1390625