2 0.85078125 0.39609375 0.29765625 0.4140625
2 0.1109375 0.4984375 0.221875 0.33125
2 0.5296875 0.34609375 0.140625 0.63515625
2 0.7828125 0.8046875 0.390625 0.390625
2 0.35078125 0.3296875 0.23515625 0.659375
2 0.15625 0.165625 0.13203125 0.32734375
2 0.7390625 0.09453125 0.17734375 0.18828125
2 0.2265625 0.8328125 0.209375 0.334375
2 0.0609375 0.75390625 0.121875 0.06953125
2 0.0625 0.87421875 0.11328125 0.1421875
2 0.54609375 0.828125 0.06484375 0.33359375
2 0.471875 0.7890625 0.07890625 0.25390625
2 0.68046875 0.3953125 0.04609375 0.43671875