2 0.721875 0.9328125 0.54375 0.134375
2 0.78671875 0.7890625 0.4265625 0.15
2 0.85703125 0.22578125 0.28515625 0.4453125
2 0.8375 0.58203125 0.32421875 0.2671875
2 0.42109375 0.3046875 0.109375 0.565625
2 0.24921875 0.28203125 0.21875 0.56328125
2 0.571875 0.49609375 0.1984375 0.3796875
2 0.57109375 0.159375 0.184375 0.2953125
2 0.30625 0.89453125 0.271875 0.203125
2 0.0890625 0.759375 0.178125 0.14296875
2 0.3515625 0.70234375 0.06875 0.17265625
2 0.28203125 0.678125 0.071875 0.22890625