2 0.4140625 0.89140625 0.828125 0.2171875
2 0.4609375 0.39609375 0.1 0.5828125
2 0.30703125 0.2703125 0.2140625 0.540625
2 0.6703125 0.328125 0.11484375 0.54140625
2 0.903125 0.51875 0.19375 0.23125
2 0.89921875 0.70859375 0.2 0.1453125
2 0.21015625 0.7578125 0.4203125 0.05
2 0.20078125 0.634375 0.1015625 0.21015625
2 0.1 0.4671875 0.19765625 0.06796875
2 0.075 0.34453125 0.07578125 0.175
2 0.5578125 0.46484375 0.1015625 0.1625
2 0.83203125 0.2265625 0.0421875 0.36640625
2 0.92578125 0.28359375 0.1484375 0.2328125
2 0.771875 0.5828125 0.0890625 0.15546875
2 0.52109375 0.740625 0.55625 0.08515625
2 0.33125 0.62265625 0.15625 0.1515625