2 0.7578125 0.83125 0.48359375 0.26640625
2 0.8828125 0.5984375 0.23359375 0.20390625
2 0.8890625 0.27265625 0.2203125 0.45078125
2 0.64296875 0.49375 0.27109375 0.4015625
2 0.434375 0.13203125 0.06484375 0.2640625
2 0.071875 0.1484375 0.1125 0.296875
2 0.125 0.5609375 0.23828125 0.40234375
2 0.38125 0.42421875 0.11484375 0.325
2 0.5234375 0.240625 0.04296875 0.1203125
2 0.6515625 0.1484375 0.07578125 0.296875
2 0.36015625 0.13515625 0.04765625 0.2515625
2 0.2328125 0.1453125 0.1921875 0.290625