2 0.7234375 0.5640625 0.05390625 0.871875
2 0.60625 0.61484375 0.13515625 0.75625
2 0.10078125 0.77265625 0.2015625 0.309375
2 0.8734375 0.2796875 0.25234375 0.3421875
2 0.37109375 0.65546875 0.34453125 0.04921875
2 0.32109375 0.49765625 0.16640625 0.2078125
2 0.05390625 0.4015625 0.1078125 0.1125
2 0.153125 0.31328125 0.08984375 0.53203125
2 0.80625 0.56875 0.1109375 0.2390625
2 0.84375 0.92265625 0.184375 0.1546875
2 0.9671875 0.86640625 0.065625 0.2671875
2 0.4875 0.8390625 0.09609375 0.321875
2 0.53125 0.50859375 0.03125 0.2390625