2 0.20234375 0.4828125 0.10078125 0.30859375
2 0.07890625 0.496875 0.15234375 0.29296875
2 0.0890625 0.82109375 0.08203125 0.35
2 0.184375 0.775 0.1140625 0.2671875
2 0.84453125 0.5859375 0.103125 0.4546875
2 0.4796875 0.43203125 0.08828125 0.359375
2 0.6234375 0.49296875 0.196875 0.43359375
2 0.4796875 0.6609375 0.08828125 0.096875
2 0.34296875 0.484375 0.17890625 0.321875
2 0.3328125 0.815625 0.09453125 0.34453125
2 0.64609375 0.8515625 0.12734375 0.28984375
2 0.50390625 0.853125 0.15703125 0.29296875
2 0.4109375 0.671875 0.0421875 0.065625