2 0.7984375 0.553125 0.403125 0.22265625
2 0.834375 0.72734375 0.33125 0.06171875
2 0.8125 0.84140625 0.375 0.084375
2 0.82578125 0.9046875 0.3484375 0.08984375
2 0.6234375 0.27109375 0.0796875 0.3421875
2 0.7171875 0.26171875 0.12890625 0.35625
2 0.88984375 0.25625 0.2203125 0.36484375
2 0.34375 0.1609375 0.07265625 0.2890625
2 0.48125 0.1796875 0.1359375 0.33515625
2 0.51953125 0.41171875 0.084375 0.21953125
2 0.1875 0.7109375 0.375 0.04296875
2 0.47109375 0.921875 0.07890625 0.15625
2 0.40859375 0.39375 0.121875 0.18046875
2 0.6109375 0.85390625 0.09453125 0.29140625