2 0.43671875 0.17578125 0.11171875 0.34765625
2 0.47109375 0.5921875 0.1234375 0.50703125
2 0.36328125 0.53359375 0.11328125 0.40546875
2 0.6765625 0.440625 0.15859375 0.50859375
2 0.90859375 0.19609375 0.18203125 0.36015625
2 0.9515625 0.55078125 0.096875 0.3984375
2 0.83203125 0.51953125 0.16484375 0.31953125
2 0.6171875 0.8328125 0.1234375 0.29140625
2 0.2171875 0.2453125 0.0828125 0.35
2 0.2484375 0.5625 0.16171875 0.29609375
2 0.5328125 0.184375 0.228125 0.3234375
2 0.76953125 0.21015625 0.096875 0.3328125
2 0.175 0.871875 0.35 0.1
2 0.79765625 0.97421875 0.4 0.0515625
2 0.8265625 0.8234375 0.3375 0.12734375
2 0.14375 0.734375 0.2875 0.096875