2 0.61796875 0.9 0.12421875 0.2
2 0.53359375 0.70625 0.05 0.2375
2 0.3796875 0.61484375 0.0625 0.2484375
2 0.284375 0.4984375 0.115625 0.30078125
2 0.3921875 0.33203125 0.0875 0.3296875
2 0.1453125 0.2796875 0.05234375 0.18515625
2 0.6703125 0.4578125 0.0484375 0.196875
2 0.64609375 0.7 0.06328125 0.19609375
2 0.84765625 0.6015625 0.13125 0.20390625
2 0.9140625 0.41640625 0.10078125 0.16875
2 0.546875 0.48515625 0.0671875 0.121875
2 0.490625 0.39765625 0.03671875 0.22109375
2 0.4640625 0.6125 0.0265625 0.15703125
2 0.4625 0.753125 0.0609375 0.20625
2 0.740625 0.853125 0.12265625 0.15390625
2 0.246875 0.90703125 0.12265625 0.17109375
2 0.1640625 0.49140625 0.06171875 0.2453125