2 0.378125 0.3953125 0.0765625 0.3015625
2 0.9640625 0.78125 0.071875 0.4375
2 0.9015625 0.50078125 0.025 0.16875
2 0.0953125 0.92421875 0.190625 0.1515625
2 0.1484375 0.65234375 0.21015625 0.4328125
2 0.3484375 0.5921875 0.1265625 0.3703125
2 0.39921875 0.84765625 0.0703125 0.153125
2 0.7453125 0.91328125 0.38359375 0.1734375
2 0.62265625 0.43359375 0.10078125 0.24140625
2 0.52734375 0.62578125 0.07734375 0.27265625
2 0.75078125 0.35546875 0.084375 0.296875
2 0.8421875 0.725 0.046875 0.20703125