2 0.83984375 0.83125 0.31484375 0.15390625
2 0.7796875 0.67421875 0.43515625 0.19921875
2 0.6453125 0.1203125 0.0421875 0.2296875
2 0.64921875 0.30390625 0.05546875 0.1890625
2 0.83203125 0.46484375 0.33203125 0.21328125
2 0.9328125 0.18828125 0.1265625 0.33046875
2 0.790625 0.28203125 0.14765625 0.1625
2 0.3859375 0.39296875 0.06015625 0.228125
2 0.3390625 0.1515625 0.02734375 0.21796875
2 0.26015625 0.44375 0.0546875 0.4015625
2 0.46953125 0.33515625 0.04765625 0.30625
2 0.15078125 0.2734375 0.0609375 0.2640625
2 0.215625 0.790625 0.43125 0.07734375
2 0.56640625 0.96171875 0.075 0.0765625
2 0.16484375 0.9359375 0.32890625 0.06875