2 0.43828125 0.44140625 0.07265625 0.8828125
2 0.49765625 0.60078125 0.05 0.4953125
2 0.9453125 0.5203125 0.109375 0.45
2 0.65234375 0.4671875 0.0625 0.64375
2 0.18828125 0.85234375 0.3765625 0.0859375
2 0.15859375 0.7296875 0.3171875 0.096875
2 0.8140625 0.94765625 0.371875 0.0296875
2 0.7765625 0.48671875 0.23046875 0.35703125
2 0.37109375 0.17109375 0.065625 0.22421875
2 0.94296875 0.2171875 0.0984375 0.1578125
2 0.128125 0.23359375 0.153125 0.23828125
2 0.25859375 0.50234375 0.16015625 0.31328125
2 0.23203125 0.24765625 0.06640625 0.19140625
2 0.0875 0.48125 0.175 0.228125