2 0.440625 0.91171875 0.88125 0.1765625
2 0.84140625 0.4203125 0.07734375 0.43046875
2 0.73984375 0.54375 0.0515625 0.3609375
2 0.6390625 0.4890625 0.14140625 0.5203125
2 0.4734375 0.48359375 0.04375 0.3296875
2 0.5390625 0.58828125 0.0640625 0.31328125
2 0.3453125 0.25 0.0765625 0.38203125
2 0.42890625 0.4078125 0.07890625 0.28671875
2 0.1203125 0.7015625 0.240625 0.1109375
2 0.05703125 0.4828125 0.1140625 0.14375
2 0.25859375 0.2359375 0.14140625 0.40703125
2 0.35078125 0.54921875 0.1046875 0.2140625
2 0.96328125 0.81640625 0.071875 0.1578125
2 0.90234375 0.63515625 0.1765625 0.32890625