2 0.63046875 0.775 0.11953125 0.2859375
2 0.4953125 0.54375 0.04375 0.57734375
2 0.86015625 0.84375 0.2796875 0.09921875
2 0.11875 0.84375 0.2375 0.15390625
2 0.203125 0.3265625 0.078125 0.63203125
2 0.35625 0.5140625 0.078125 0.565625
2 0.43125 0.59921875 0.05625 0.27265625
2 0.50625 0.10703125 0.05 0.17109375
2 0.68984375 0.2453125 0.11328125 0.3328125
2 0.9 0.6625 0.17734375 0.21328125
2 0.603125 0.52265625 0.12265625 0.22109375
2 0.08046875 0.3828125 0.0671875 0.20625
2 0.4265625 0.36796875 0.059375 0.18984375
2 0.89140625 0.20234375 0.21640625 0.40390625
2 0.9671875 0.425 0.065625 0.240625