2 0.565625 0.87734375 0.15625 0.2453125
2 0.81953125 0.9609375 0.36015625 0.078125
2 0.40546875 0.9359375 0.0640625 0.128125
2 0.32578125 0.93359375 0.07890625 0.13203125
2 0.7453125 0.61171875 0.4953125 0.19609375
2 0.7671875 0.39296875 0.453125 0.2484375
2 0.76484375 0.0890625 0.13203125 0.178125
2 0.8546875 0.15 0.290625 0.24296875
2 0.31640625 0.30703125 0.09609375 0.41171875
2 0.14453125 0.5796875 0.2890625 0.1875
2 0.3953125 0.83984375 0.059375 0.10703125
2 0.4234375 0.515625 0.128125 0.33984375
2 0.1421875 0.175 0.15390625 0.34921875