2 0.69375 0.89296875 0.6125 0.0421875
2 0.82109375 0.78671875 0.3578125 0.1578125
2 0.8984375 0.603125 0.1671875 0.20234375
2 0.578125 0.61328125 0.2328125 0.171875
2 0.4453125 0.784375 0.1734375 0.17265625
2 0.346875 0.93984375 0.13515625 0.1203125
2 0.14453125 0.73828125 0.0359375 0.2203125
2 0.26875 0.6375 0.10703125 0.2453125
2 0.2015625 0.87109375 0.0328125 0.21015625
2 0.05 0.8953125 0.1 0.209375
2 0.9484375 0.790625 0.0890625 0.1359375
2 0.8671875 0.94296875 0.04296875 0.071875
2 0.80078125 0.3890625 0.10625 0.284375