2 0.203125 0.434375 0.1859375 0.821875
2 0.54921875 0.3921875 0.165625 0.75625
2 0.33203125 0.4546875 0.13125 0.4875
2 0.378125 0.76640625 0.125 0.36015625
2 0.51015625 0.88203125 0.06640625 0.2359375
2 0.65625 0.7640625 0.17890625 0.471875
2 0.784375 0.81796875 0.20859375 0.3640625
2 0.7671875 0.32265625 0.05 0.28671875
2 0.69375 0.16875 0.09375 0.3109375
2 0.896875 0.40625 0.12578125 0.35
2 0.059375 0.17265625 0.07734375 0.3453125
2 0.0515625 0.39921875 0.09921875 0.39765625
2 0.0890625 0.82890625 0.1078125 0.3171875