2 0.728125 0.32578125 0.06875 0.6515625
2 0.96484375 0.8140625 0.0703125 0.371875
2 0.3796875 0.76171875 0.1265625 0.4765625
2 0.56171875 0.75 0.15859375 0.5
2 0.2296875 0.7625 0.23125 0.47421875
2 0.915625 0.3140625 0.16875 0.471875
2 0.66015625 0.26171875 0.071875 0.4640625
2 0.4421875 0.0953125 0.0421875 0.190625
2 0.0921875 0.28515625 0.1015625 0.3109375
2 0.22421875 0.2171875 0.1515625 0.4078125
2 0.396875 0.33046875 0.14609375 0.2421875
2 0.54453125 0.1078125 0.178125 0.19765625