2 0.92578125 0.86015625 0.14765625 0.2796875
2 0.79921875 0.8375 0.140625 0.31875
2 0.82734375 0.33984375 0.30390625 0.6796875
2 0.63046875 0.83984375 0.2015625 0.3203125
2 0.484375 0.5109375 0.06015625 0.4203125
2 0.2515625 0.453125 0.0671875 0.25546875
2 0.05703125 0.834375 0.0734375 0.33125
2 0.2265625 0.9015625 0.05234375 0.196875
2 0.08828125 0.28671875 0.02890625 0.2171875
2 0.31171875 0.246875 0.071875 0.190625
2 0.3671875 0.365625 0.03515625 0.565625
2 0.59609375 0.5453125 0.14453125 0.275