2 0.88203125 0.6375 0.23203125 0.634375
2 0.88125 0.18203125 0.13359375 0.27734375
2 0.75625 0.24765625 0.13828125 0.3546875
2 0.515625 0.32578125 0.14765625 0.6515625
2 0.17578125 0.921875 0.3515625 0.15625
2 0.1734375 0.13671875 0.278125 0.27265625
2 0.3015625 0.44453125 0.271875 0.34375
2 0.39453125 0.7125 0.18359375 0.20390625
2 0.453125 0.9109375 0.21875 0.178125
2 0.0984375 0.6296875 0.1921875 0.08515625
2 0.26875 0.74609375 0.15546875 0.1640625
2 0.12578125 0.42265625 0.0953125 0.31953125