2 0.6328125 0.8796875 0.24375 0.240625
2 0.87734375 0.9359375 0.16015625 0.128125
2 0.38046875 0.78203125 0.26328125 0.203125
2 0.321875 0.2734375 0.17578125 0.53046875
2 0.040625 0.7390625 0.08046875 0.3453125
2 0.86796875 0.53515625 0.040625 0.378125
2 0.925 0.81953125 0.14140625 0.115625
2 0.5421875 0.475 0.04296875 0.37578125
2 0.72265625 0.29765625 0.0359375 0.26953125
2 0.4828125 0.58984375 0.13515625 0.328125
2 0.12265625 0.4375 0.23125 0.19765625
2 0.46796875 0.32734375 0.1125 0.20625