2 0.78671875 0.5234375 0.09296875 0.953125
2 0.66953125 0.79765625 0.07734375 0.40390625
2 0.6609375 0.434375 0.06875 0.34296875
2 0.55859375 0.32890625 0.0421875 0.21953125
2 0.56640625 0.7328125 0.07421875 0.346875
2 0.8984375 0.5125 0.06875 0.40078125
2 0.06328125 0.56953125 0.12578125 0.2546875
2 0.16328125 0.79453125 0.1375 0.2046875
2 0.278125 0.58515625 0.29609375 0.02890625
2 0.3953125 0.64296875 0.2953125 0.04453125
2 0.91328125 0.93203125 0.17265625 0.1359375
2 0.21015625 0.3421875 0.05078125 0.4453125