2 0.9515625 0.503125 0.096875 0.99375
2 0.86796875 0.81171875 0.05078125 0.31015625
2 0.26484375 0.35390625 0.18046875 0.22265625
2 0.38828125 0.5609375 0.18984375 0.1828125
2 0.48359375 0.74609375 0.16328125 0.178125
2 0.584375 0.86484375 0.07734375 0.2703125
2 0.0609375 0.54609375 0.121875 0.2421875
2 0.140625 0.83125 0.171875 0.33125
2 0.1703125 0.59765625 0.11484375 0.134375
2 0.403125 0.31171875 0.0609375 0.50234375
2 0.63984375 0.19921875 0.07734375 0.39140625
2 0.4875 0.453125 0.08046875 0.41640625
2 0.28125 0.178125 0.07265625 0.35546875
2 0.8421875 0.30546875 0.06328125 0.3828125