2 0.23125 0.41953125 0.0875 0.83046875
2 0.8203125 0.91953125 0.359375 0.03515625
2 0.47421875 0.47890625 0.1921875 0.48359375
2 0.59921875 0.859375 0.07578125 0.28125
2 0.58984375 0.3703125 0.09765625 0.521875
2 0.9515625 0.26171875 0.05625 0.37265625
2 0.64296875 0.19609375 0.04609375 0.38359375
2 0.0421875 0.53828125 0.03984375 0.18515625
2 0.4875 0.88046875 0.05 0.2390625
2 0.3328125 0.60546875 0.12265625 0.31328125
2 0.0515625 0.37109375 0.09140625 0.14921875
2 0.1234375 0.5265625 0.115625 0.1765625
2 0.91484375 0.725 0.04765625 0.35234375