2 0.84375 0.08203125 0.2125 0.16328125
2 0.74765625 0.2453125 0.1453125 0.16171875
2 0.64140625 0.4 0.153125 0.15078125
2 0.55234375 0.54765625 0.1453125 0.14296875
2 0.4765625 0.68515625 0.16796875 0.134375
2 0.390625 0.821875 0.15234375 0.1359375
2 0.3140625 0.94609375 0.1375 0.1078125
2 0.6453125 0.07734375 0.1640625 0.14921875
2 0.5390625 0.23515625 0.17578125 0.171875
2 0.4203125 0.40234375 0.2046875 0.171875
2 0.30390625 0.55546875 0.18828125 0.159375
2 0.20234375 0.71640625 0.178125 0.1515625
2 0.08359375 0.89140625 0.1671875 0.209375