2 0.05234375 0.7859375 0.1046875 0.325
2 0.18671875 0.859375 0.16484375 0.10546875
2 0.33515625 0.77578125 0.13203125 0.121875
2 0.53046875 0.671875 0.25546875 0.184375
2 0.71171875 0.546875 0.10546875 0.146875
2 0.39296875 0.5890625 0.20625 0.1265625
2 0.1984375 0.68046875 0.19140625 0.17265625
2 0.55390625 0.47265625 0.22421875 0.10234375
2 0.76015625 0.36796875 0.24453125 0.12109375
2 0.95 0.2796875 0.09921875 0.1125
2 0.42421875 0.3703125 0.14375 0.11015625
2 0.29921875 0.4671875 0.09375 0.1
2 0.9421875 0.0421875 0.10859375 0.06328125
2 0.821875 0.103125 0.14140625 0.071875
2 0.66015625 0.2015625 0.18515625 0.12421875
2 0.52734375 0.290625 0.10546875 0.059375