2 0.6453125 0.0890625 0.18046875 0.17734375
2 0.50859375 0.27109375 0.175 0.1828125
2 0.4046875 0.446875 0.16328125 0.1671875
2 0.275 0.609375 0.1921875 0.14765625
2 0.17109375 0.76484375 0.16328125 0.1578125
2 0.07421875 0.92109375 0.1484375 0.1578125
2 0.8609375 0.04921875 0.1203125 0.0984375
2 0.79453125 0.16875 0.1203125 0.1328125
2 0.696875 0.3046875 0.13203125 0.134375
2 0.61875 0.453125 0.14609375 0.1546875
2 0.5328125 0.60078125 0.13046875 0.1296875
2 0.45859375 0.73359375 0.134375 0.12421875
2 0.36015625 0.8921875 0.14765625 0.1921875