2 0.91875 0.0859375 0.1625 0.171875
2 0.75859375 0.1953125 0.16171875 0.190625
2 0.596875 0.28828125 0.16171875 0.1828125
2 0.44921875 0.40078125 0.14296875 0.17109375
2 0.31328125 0.48828125 0.13671875 0.16796875
2 0.175 0.575 0.14375 0.175
2 0.06484375 0.671875 0.1296875 0.15703125
2 0.93125 0.33203125 0.12578125 0.153125
2 0.79609375 0.41953125 0.1484375 0.16015625
2 0.64765625 0.5046875 0.1609375 0.1640625
2 0.49921875 0.58203125 0.15 0.14140625
2 0.36796875 0.6609375 0.13515625 0.12890625
2 0.23828125 0.7359375 0.13203125 0.1421875
2 0.0875 0.8265625 0.1625 0.1828125