2 0.20703125 0.06015625 0.3421875 0.1203125
2 0.14921875 0.1953125 0.21015625 0.1796875
2 0.23828125 0.35234375 0.190625 0.16328125
2 0.33359375 0.53515625 0.20078125 0.25859375
2 0.46328125 0.77890625 0.159375 0.25390625
2 0.315625 0.1859375 0.1453125 0.171875
2 0.41796875 0.3640625 0.19375 0.2578125
2 0.5234375 0.57734375 0.18671875 0.18359375
2 0.62578125 0.7453125 0.1734375 0.23046875
2 0.7140625 0.93671875 0.13125 0.1265625
2 0.60078125 0.3796875 0.20078125 0.22578125
2 0.4390625 0.18515625 0.121875 0.11484375