2 0.91875 0.0765625 0.14921875 0.1515625
2 0.70390625 0.21875 0.2640625 0.2046875
2 0.47890625 0.35078125 0.26484375 0.171875
2 0.325 0.46484375 0.18125 0.13828125
2 0.17890625 0.56328125 0.1625 0.16953125
2 0.06484375 0.85 0.1296875 0.16640625
2 0.221875 0.753125 0.1703125 0.16328125
2 0.0765625 0.67265625 0.153125 0.1765625
2 0.92578125 0.31796875 0.1484375 0.16171875
2 0.7609375 0.4375 0.18125 0.2078125
2 0.58671875 0.5421875 0.15703125 0.17265625
2 0.40546875 0.63515625 0.18515625 0.1671875