2 0.096875 0.0953125 0.19296875 0.18984375
2 0.20234375 0.2609375 0.19296875 0.184375
2 0.29453125 0.41640625 0.17734375 0.1890625
2 0.40625 0.56484375 0.18671875 0.16953125
2 0.5109375 0.725 0.1984375 0.2171875
2 0.653125 0.9015625 0.19296875 0.196875
2 0.34765625 0.08125 0.1625 0.16171875
2 0.41640625 0.184375 0.18046875 0.159375
2 0.49453125 0.30234375 0.1484375 0.1640625
2 0.571875 0.44375 0.14609375 0.1875
2 0.64765625 0.5734375 0.15859375 0.16875
2 0.7171875 0.72890625 0.1484375 0.20625
2 0.840625 0.8796875 0.18828125 0.240625