2 0.86484375 0.096875 0.15078125 0.19296875
2 0.73828125 0.22265625 0.1015625 0.190625
2 0.646875 0.41171875 0.14609375 0.178125
2 0.55703125 0.5828125 0.1578125 0.15546875
2 0.44453125 0.73671875 0.1828125 0.14296875
2 0.36796875 0.8984375 0.121875 0.1703125
2 0.6546875 0.04921875 0.153125 0.0984375
2 0.596875 0.15703125 0.14140625 0.1078125
2 0.48046875 0.29140625 0.18671875 0.1546875
2 0.39609375 0.44296875 0.159375 0.1390625
2 0.259375 0.6140625 0.20625 0.1875
2 0.1453125 0.8375 0.15625 0.25625