2 0.70546875 0.08515625 0.14140625 0.14765625
2 0.62109375 0.24765625 0.140625 0.16484375
2 0.53125 0.415625 0.15234375 0.16328125
2 0.4359375 0.571875 0.1609375 0.1515625
2 0.36328125 0.725 0.140625 0.14765625
2 0.10859375 0.89609375 0.1296875 0.2078125
2 0.26953125 0.85546875 0.15546875 0.11015625
2 0.2359375 0.95703125 0.1328125 0.08203125
2 0.20625 0.67890625 0.17109375 0.23671875
2 0.34453125 0.471875 0.16015625 0.2453125
2 0.428125 0.29296875 0.153125 0.11328125
2 0.61796875 0.5921875 0.11875 0.12578125
2 0.52421875 0.7015625 0.11328125 0.09140625