2 0.3515625 0.65703125 0.075 0.08203125
2 0.49453125 0.859375 0.05546875 0.1
2 0.36953125 0.765625 0.04921875 0.07734375
2 0.3515625 0.8484375 0.06171875 0.08671875
2 0.71796875 0.4796875 0.09296875 0.1234375
2 0.91015625 0.34375 0.0640625 0.11796875
2 0.94453125 0.240625 0.065625 0.15625
2 0.9546875 0.45625 0.0734375 0.15625
2 0.9328125 0.603125 0.07421875 0.14296875
2 0.89453125 0.725 0.05546875 0.11171875
2 0.72578125 0.06171875 0.0734375 0.11328125
2 0.47578125 0.05703125 0.0578125 0.090625
2 0.31328125 0.11484375 0.06171875 0.09609375
2 0.1875 0.33828125 0.0546875 0.09765625