2 0.35390625 0.65078125 0.07109375 0.07890625
2 0.38046875 0.7609375 0.0609375 0.0734375
2 0.35546875 0.84453125 0.06171875 0.08125
2 0.48359375 0.85234375 0.07109375 0.11484375
2 0.90390625 0.325 0.07734375 0.1125
2 0.94609375 0.23203125 0.065625 0.14609375
2 0.95703125 0.45234375 0.08046875 0.153125
2 0.9453125 0.59140625 0.09375 0.13828125
2 0.90078125 0.72734375 0.0828125 0.1171875
2 0.73046875 0.0578125 0.071875 0.115625
2 0.759375 0.31953125 0.059375 0.09765625
2 0.7234375 0.465625 0.07578125 0.1203125
2 0.4796875 0.06484375 0.059375 0.0921875
2 0.3140625 0.1140625 0.04296875 0.10234375
2 0.20078125 0.33203125 0.07109375 0.1046875
2 0.48984375 0.428125 0.05625 0.08125