2 0.64921875 0.14453125 0.08984375 0.09140625
2 0.6328125 0.23828125 0.065625 0.06875
2 0.64921875 0.34296875 0.05703125 0.059375
2 0.8125 0.6578125 0.071875 0.0921875
2 0.684375 0.87109375 0.053125 0.11640625
2 0.51328125 0.92109375 0.0625 0.0859375
2 0.265625 0.94140625 0.1125 0.11640625
2 0.06015625 0.7671875 0.0859375 0.1375
2 0.10390625 0.66484375 0.0546875 0.1140625
2 0.27734375 0.51953125 0.0765625 0.128125
2 0.0484375 0.5546875 0.08203125 0.12734375
2 0.0640625 0.3953125 0.0875 0.14921875
2 0.1 0.26640625 0.07421875 0.10703125
2 0.24296875 0.67734375 0.05546875 0.0765625
2 0.5125 0.13671875 0.0953125 0.13984375
2 0.5109375 0.5578125 0.08359375 0.10078125
2 0.23203125 0.08515625 0.06796875 0.140625