2 0.46796875 0.1125 0.06328125 0.053125
2 0.74609375 0.709375 0.0828125 0.071875
2 0.83671875 0.83046875 0.09296875 0.0890625
2 0.65 0.4234375 0.1078125 0.0875
2 0.40078125 0.2640625 0.09296875 0.08984375
2 0.4234375 0.5109375 0.0546875 0.04921875
2 0.62421875 0.33125 0.08984375 0.04921875
2 0.34921875 0.18828125 0.08984375 0.0640625
2 0.66015625 0.53046875 0.05234375 0.05625
2 0.58203125 0.5015625 0.0546875 0.04765625
2 0.77265625 0.54296875 0.06953125 0.06484375
2 0.859375 0.94765625 0.1125 0.1046875