2 0.215625 0.55546875 0.18671875 0.1515625
2 0.26015625 0.44921875 0.11328125 0.0578125
2 0.19140625 0.690625 0.0828125 0.06953125
2 0.3453125 0.7 0.18671875 0.12578125
2 0.78203125 0.9125 0.13359375 0.0796875
2 0.4859375 0.4234375 0.07421875 0.05390625
2 0.4828125 0.50859375 0.0765625 0.05078125
2 0.64296875 0.340625 0.11875 0.1625
2 0.5734375 0.12421875 0.090625 0.121875
2 0.365625 0.1671875 0.08046875 0.059375
2 0.2046875 0.33828125 0.07578125 0.05859375
2 0.35078125 0.275 0.153125 0.11953125