2 0.19765625 0.33984375 0.059375 0.0671875
2 0.321875 0.1171875 0.05546875 0.11328125
2 0.4875 0.05390625 0.04453125 0.06953125
2 0.36484375 0.66875 0.0625 0.090625
2 0.378125 0.76484375 0.0515625 0.05390625
2 0.35546875 0.85 0.04765625 0.07421875
2 0.49765625 0.86328125 0.0609375 0.1046875
2 0.93671875 0.18125 0.05546875 0.0453125
2 0.95859375 0.259375 0.0578125 0.08515625
2 0.9046875 0.33515625 0.05859375 0.1109375
2 0.96328125 0.45703125 0.0734375 0.10703125
2 0.9421875 0.60859375 0.06328125 0.1296875
2 0.9046875 0.73203125 0.05546875 0.09296875
2 0.72734375 0.05390625 0.0671875 0.10703125
2 0.76640625 0.32578125 0.04921875 0.07578125
2 0.7171875 0.46953125 0.0578125 0.1015625