2 0.8546875 0.5015625 0.12734375 0.06875
2 0.8578125 0.646875 0.08125 0.05703125
2 0.75546875 0.63125 0.07734375 0.065625
2 0.6515625 0.6515625 0.08125 0.0546875
2 0.33125 0.8109375 0.103125 0.0625
2 0.10625 0.690625 0.13828125 0.0515625
2 0.075 0.521875 0.11953125 0.07734375
2 0.05546875 0.2734375 0.1109375 0.08046875
2 0.47265625 0.2765625 0.10078125 0.053125
2 0.24921875 0.05546875 0.1875 0.0546875
2 0.33046875 0.0953125 0.12421875 0.05703125
2 0.44765625 0.046875 0.14140625 0.07265625
2 0.59375 0.05078125 0.1484375 0.0578125
2 0.70703125 0.0921875 0.13203125 0.0734375
2 0.31328125 0.234375 0.12265625 0.053125