2 0.30859375 0.196875 0.0515625 0.109375
2 0.30859375 0.34453125 0.08671875 0.17265625
2 0.4453125 0.234375 0.11171875 0.1484375
2 0.54296875 0.2578125 0.0546875 0.0796875
2 0.6515625 0.20625 0.0484375 0.07734375
2 0.7 0.34921875 0.08828125 0.075
2 0.8265625 0.3546875 0.0609375 0.10390625
2 0.865625 0.56953125 0.1171875 0.08515625
2 0.6390625 0.63671875 0.14765625 0.1078125
2 0.48203125 0.4890625 0.0421875 0.1015625
2 0.56953125 0.48984375 0.0484375 0.103125
2 0.41171875 0.5625 0.09375 0.10234375
2 0.10078125 0.7796875 0.0921875 0.12734375