2 0.428125 0.47265625 0.15625 0.10390625
2 0.51484375 0.5921875 0.078125 0.06875
2 0.65546875 0.7875 0.1296875 0.175
2 0.5390625 0.78984375 0.0671875 0.10703125
2 0.3625 0.75859375 0.14296875 0.09765625
2 0.415625 0.88125 0.07578125 0.09609375
2 0.21484375 0.7890625 0.15546875 0.11875
2 0.7828125 0.65546875 0.09921875 0.165625
2 0.78203125 0.78125 0.06015625 0.08125
2 0.690625 0.48671875 0.17421875 0.10234375
2 0.615625 0.56953125 0.08671875 0.10078125
2 0.16015625 0.61171875 0.15078125 0.1015625