2 0.70859375 0.5546875 0.1390625 0.1046875
2 0.7484375 0.634375 0.059375 0.05703125
2 0.5609375 0.42578125 0.10234375 0.09140625
2 0.6359375 0.3953125 0.05703125 0.06015625
2 0.20703125 0.12890625 0.08125 0.0984375
2 0.8140625 0.86796875 0.09140625 0.075
2 0.6265625 0.71953125 0.084375 0.0859375
2 0.5875 0.59296875 0.03984375 0.04375
2 0.8484375 0.7234375 0.0625 0.04296875
2 0.87265625 0.825 0.059375 0.065625
2 0.81328125 0.75859375 0.053125 0.053125
2 0.646875 0.65859375 0.0234375 0.02265625