2 0.14453125 0.34921875 0.078125 0.06796875
2 0.2375 0.36875 0.05625 0.0515625
2 0.3328125 0.35234375 0.08359375 0.05703125
2 0.66640625 0.18359375 0.09140625 0.0625
2 0.878125 0.3171875 0.115625 0.059375
2 0.934375 0.47421875 0.0984375 0.0703125
2 0.1359375 0.496875 0.14140625 0.06796875
2 0.51953125 0.7171875 0.128125 0.078125
2 0.9296875 0.725 0.13984375 0.0703125
2 0.6625 0.9 0.1359375 0.065625
2 0.559375 0.95546875 0.1109375 0.0625
2 0.39140625 0.93984375 0.12421875 0.075
2 0.26640625 0.89296875 0.0875 0.05625
2 0.76796875 0.946875 0.134375 0.053125