2 0.540625 0.4359375 0.115625 0.08046875
2 0.58203125 0.190625 0.12578125 0.08125
2 0.1234375 0.15859375 0.1171875 0.0796875
2 0.03046875 0.109375 0.0609375 0.05625
2 0.159375 0.2640625 0.11796875 0.07578125
2 0.2703125 0.39765625 0.12578125 0.084375
2 0.41796875 0.48828125 0.084375 0.07890625
2 0.5421875 0.57421875 0.0953125 0.08125
2 0.3109375 0.759375 0.09140625 0.06640625
2 0.05234375 0.57734375 0.1046875 0.084375
2 0.90703125 0.7375 0.04765625 0.04453125
2 0.63515625 0.9484375 0.134375 0.0640625