2 0.475 0.38125 0.07890625 0.0953125
2 0.5203125 0.22109375 0.084375 0.09296875
2 0.38515625 0.22734375 0.04765625 0.09921875
2 0.31875 0.13671875 0.03671875 0.0578125
2 0.37109375 0.3140625 0.03359375 0.03515625
2 0.2921875 0.3421875 0.03984375 0.04375
2 0.39140625 0.5328125 0.04921875 0.07890625
2 0.31953125 0.51875 0.07109375 0.115625
2 0.375 0.62734375 0.0421875 0.05390625
2 0.34140625 0.68125 0.03046875 0.05859375
2 0.3640625 0.7171875 0.03125 0.04921875
2 0.30546875 0.70234375 0.05546875 0.0625
2 0.37578125 0.85625 0.05078125 0.0640625
2 0.4046875 0.94453125 0.04921875 0.078125
2 0.484375 0.8125 0.05390625 0.13203125
2 0.5265625 0.88984375 0.05234375 0.08984375
2 0.56953125 0.6125 0.0609375 0.0734375
2 0.478125 0.490625 0.04296875 0.03828125
2 0.5453125 0.45703125 0.0671875 0.10546875
2 0.48515625 0.66015625 0.0328125 0.04140625
2 0.50546875 0.534375 0.0546875 0.06171875