2 0.36171875 0.50546875 0.24921875 0.14375
2 0.6171875 0.47578125 0.1046875 0.08046875
2 0.2765625 0.66015625 0.25625 0.15703125
2 0.4296875 0.22578125 0.1140625 0.09609375
2 0.603125 0.3 0.14609375 0.10625
2 0.75078125 0.13671875 0.08359375 0.06953125
2 0.88046875 0.02890625 0.1453125 0.0578125
2 0.94765625 0.171875 0.09140625 0.0796875
2 0.2234375 0.38828125 0.09453125 0.06796875
2 0.31328125 0.1234375 0.07734375 0.06484375
2 0.0671875 0.75859375 0.10078125 0.09453125
2 0.3296875 0.95234375 0.13125 0.0953125