2 0.53125 0.615625 0.05859375 0.06796875
2 0.48203125 0.7921875 0.08515625 0.12890625
2 0.6125 0.775 0.0546875 0.09453125
2 0.60390625 0.4703125 0.07421875 0.08828125
2 0.68671875 0.47890625 0.084375 0.12734375
2 0.6546875 0.2953125 0.10859375 0.10546875
2 0.47734375 0.096875 0.0546875 0.09375
2 0.51875 0.1890625 0.06328125 0.13359375
2 0.5921875 0.059375 0.10234375 0.0890625
2 0.603125 0.15390625 0.1296875 0.07890625
2 0.44453125 0.3875 0.084375 0.08203125
2 0.4703125 0.54140625 0.065625 0.12734375
2 0.52265625 0.340625 0.05625 0.0515625
2 0.5203125 0.45390625 0.09140625 0.140625
2 0.6296875 0.6828125 0.04375 0.05859375
2 0.471875 0.6734375 0.05546875 0.03515625
2 0.68671875 0.865625 0.03828125 0.05078125