2 0.63359375 0.37421875 0.0875 0.10859375
2 0.715625 0.496875 0.04609375 0.06796875
2 0.4625 0.4703125 0.10703125 0.14375
2 0.55078125 0.4421875 0.0390625 0.09140625
2 0.7421875 0.8046875 0.078125 0.09453125
2 0.5578125 0.75859375 0.08203125 0.15390625
2 0.35390625 0.853125 0.078125 0.08359375
2 0.1546875 0.5640625 0.090625 0.0828125
2 0.32421875 0.2921875 0.08125 0.12109375
2 0.24921875 0.08515625 0.09375 0.08828125
2 0.0578125 0.27109375 0.09375 0.11484375
2 0.48671875 0.03203125 0.1 0.06328125
2 0.61875 0.07265625 0.08828125 0.10390625
2 0.66953125 0.03359375 0.09609375 0.06640625
2 0.75 0.11640625 0.05546875 0.08125
2 0.87890625 0.075 0.04921875 0.09765625
2 0.92578125 0.50546875 0.0671875 0.1
2 0.703125 0.6375 0.0609375 0.06328125