2 0.21171875 0.40234375 0.115625 0.075
2 0.628125 0.62265625 0.0890625 0.0703125
2 0.82421875 0.90859375 0.125 0.090625
2 0.321875 0.7765625 0.1359375 0.08515625
2 0.11328125 0.7265625 0.10390625 0.06015625
2 0.14140625 0.828125 0.10078125 0.096875
2 0.2453125 0.8875 0.090625 0.07734375
2 0.02109375 0.6078125 0.0421875 0.06875
2 0.26796875 0.18828125 0.07890625 0.06875
2 0.09375 0.55859375 0.06796875 0.06015625
2 0.74140625 0.34609375 0.08984375 0.05390625
2 0.54375 0.48828125 0.0609375 0.04609375
2 0.4890625 0.42265625 0.05859375 0.05546875