2 0.4515625 0.56796875 0.12890625 0.09765625
2 0.57265625 0.50703125 0.1046875 0.08046875
2 0.734375 0.6046875 0.09375 0.07578125
2 0.84140625 0.72265625 0.1078125 0.0671875
2 0.8765625 0.83671875 0.10859375 0.09609375
2 0.96796875 0.88359375 0.06328125 0.0796875
2 0.94375 0.4140625 0.109375 0.07890625
2 0.659375 0.234375 0.121875 0.07578125
2 0.37734375 0.06015625 0.153125 0.08203125
2 0.47421875 0.41875 0.11796875 0.08203125
2 0.4203125 0.80390625 0.12578125 0.06640625
2 0.1 0.265625 0.05859375 0.04609375