2 0.0828125 0.50078125 0.11328125 0.1234375
2 0.2734375 0.18515625 0.1203125 0.121875
2 0.29609375 0.35234375 0.06875 0.08671875
2 0.64609375 0.1296875 0.0953125 0.10390625
2 0.42578125 0.22421875 0.08828125 0.16953125
2 0.5328125 0.5109375 0.06171875 0.121875
2 0.3625 0.61796875 0.09921875 0.10234375
2 0.27109375 0.50390625 0.07890625 0.1
2 0.24609375 0.87578125 0.065625 0.084375
2 0.3859375 0.9203125 0.08125 0.10703125
2 0.29375 0.971875 0.078125 0.05625
2 0.115625 0.92578125 0.0671875 0.0890625
2 0.8328125 0.4234375 0.1140625 0.09921875
2 0.659375 0.68359375 0.0625 0.11875
2 0.94140625 0.72421875 0.09375 0.10703125
2 0.75546875 0.903125 0.084375 0.11796875