2 0.19453125 0.16484375 0.16953125 0.15
2 0.465625 0.09296875 0.10859375 0.11171875
2 0.12578125 0.45546875 0.11015625 0.1140625
2 0.24921875 0.64453125 0.14921875 0.1671875
2 0.41953125 0.68671875 0.0609375 0.0609375
2 0.4046875 0.4890625 0.071875 0.06328125
2 0.5609375 0.334375 0.065625 0.06796875
2 0.6421875 0.42421875 0.07734375 0.07421875
2 0.33046875 0.765625 0.03515625 0.04140625
2 0.390625 0.75 0.04375 0.03984375
2 0.81953125 0.7078125 0.04921875 0.08125
2 0.92265625 0.834375 0.05625 0.0875
2 0.8109375 0.57890625 0.0765625 0.1015625
2 0.925 0.6859375 0.0453125 0.04921875
2 0.10625 0.36484375 0.07578125 0.06953125
2 0.484375 0.6578125 0.0765625 0.059375
2 0.565625 0.56875 0.04921875 0.0484375
2 0.51796875 0.725 0.04609375 0.034375