2 0.08671875 0.23203125 0.10078125 0.08984375
2 0.03828125 0.48828125 0.07578125 0.0953125
2 0.06875 0.615625 0.13046875 0.03984375
2 0.30625 0.32421875 0.10078125 0.10078125
2 0.57734375 0.16328125 0.10390625 0.09453125
2 0.87265625 0.36328125 0.13125 0.09375
2 0.796875 0.734375 0.09453125 0.07265625
2 0.49140625 0.46484375 0.09765625 0.07109375
2 0.45703125 0.5421875 0.08125 0.065625
2 0.39765625 0.6125 0.096875 0.109375
2 0.48359375 0.715625 0.05546875 0.0703125
2 0.63359375 0.70859375 0.04453125 0.0703125
2 0.50859375 0.92421875 0.1171875 0.0734375
2 0.11953125 0.7515625 0.07734375 0.0703125
2 0.01796875 0.6921875 0.0359375 0.065625
2 0.26484375 0.04296875 0.09296875 0.05859375