2 0.846875 0.10546875 0.09765625 0.11171875
2 0.65859375 0.17265625 0.0859375 0.08671875
2 0.51875 0.328125 0.15703125 0.11328125
2 0.65546875 0.51796875 0.128125 0.1640625
2 0.53984375 0.55546875 0.07890625 0.1453125
2 0.38828125 0.703125 0.1046875 0.2671875
2 0.121875 0.84765625 0.07890625 0.13359375
2 0.17890625 0.49296875 0.08359375 0.1046875
2 0.121875 0.61796875 0.090625 0.12421875
2 0.0703125 0.4203125 0.140625 0.13828125
2 0.43203125 0.4671875 0.09921875 0.0703125
2 0.73828125 0.36796875 0.05859375 0.06875
2 0.77578125 0.21875 0.05234375 0.08046875
2 0.86484375 0.2046875 0.0578125 0.065625
2 0.903125 0.425 0.0671875 0.08984375
2 0.97890625 0.13125 0.04140625 0.12734375
2 0.18515625 0.796875 0.04921875 0.0640625
2 0.303125 0.70234375 0.05859375 0.06171875
2 0.26640625 0.525 0.0640625 0.1328125