2 0.49375 0.62578125 0.1421875 0.225
2 0.33671875 0.71328125 0.1296875 0.23125
2 0.70234375 0.3703125 0.1234375 0.13984375
2 0.51796875 0.3734375 0.11953125 0.11953125
2 0.76328125 0.559375 0.090625 0.09921875
2 0.87265625 0.225 0.1 0.0890625
2 0.96796875 0.11796875 0.0640625 0.10078125
2 0.8328125 0.05546875 0.12265625 0.10546875
2 0.87734375 0.6875 0.07890625 0.09453125
2 0.60703125 0.784375 0.0796875 0.09296875
2 0.23671875 0.934375 0.0734375 0.090625
2 0.03984375 0.6421875 0.0796875 0.096875