2 0.8234375 0.121875 0.11328125 0.046875
2 0.57578125 0.1421875 0.0953125 0.05390625
2 0.48828125 0.1890625 0.0953125 0.0546875
2 0.39140625 0.1140625 0.0890625 0.04296875
2 0.4375 0.05390625 0.0890625 0.07421875
2 0.646875 0.0890625 0.05546875 0.05078125
2 0.74296875 0.37890625 0.096875 0.0640625
2 0.7 0.3015625 0.08046875 0.0625
2 0.796875 0.196875 0.05703125 0.0453125
2 0.52890625 0.26015625 0.10625 0.0609375
2 0.640625 0.365625 0.10703125 0.07109375
2 0.5953125 0.40078125 0.071875 0.053125
2 0.54375 0.5421875 0.12890625 0.065625
2 0.48828125 0.61796875 0.10234375 0.05390625
2 0.5328125 0.67890625 0.109375 0.04609375
2 0.10234375 0.85 0.12265625 0.08046875
2 0.1953125 0.65 0.08984375 0.0546875
2 0.33984375 0.47734375 0.10546875 0.06484375
2 0.33671875 0.553125 0.0953125 0.0765625
2 0.4359375 0.9 0.06796875 0.0328125
2 0.36171875 0.7421875 0.0859375 0.0578125
2 0.2234375 0.771875 0.09453125 0.0546875
2 0.4609375 0.403125 0.06484375 0.04765625
2 0.47421875 0.46015625 0.0546875 0.0421875
2 0.9109375 0.1609375 0.04375 0.04453125
2 0.81484375 0.0171875 0.06171875 0.03359375
2 0.92734375 0.2171875 0.06640625 0.05703125
2 0.8796875 0.309375 0.04765625 0.0515625
2 0.8296875 0.3609375 0.04765625 0.046875
2 0.125 0.984375 0.1078125 0.03125