2 0.51875 0.21875 0.103125 0.1078125
2 0.46796875 0.3671875 0.08671875 0.11640625
2 0.36796875 0.53125 0.17421875 0.109375
2 0.5578125 0.61640625 0.07109375 0.08515625
2 0.5203125 0.86015625 0.096875 0.18203125
2 0.396875 0.89921875 0.0734375 0.165625
2 0.34765625 0.671875 0.15390625 0.14375
2 0.32578125 0.0953125 0.12265625 0.14140625
2 0.38203125 0.23125 0.078125 0.10546875
2 0.27890625 0.3546875 0.06796875 0.1390625
2 0.36015625 0.31328125 0.065625 0.065625
2 0.54140625 0.44609375 0.090625 0.11875
2 0.496875 0.58515625 0.07265625 0.21796875