2 0.47421875 0.38046875 0.078125 0.1
2 0.5125 0.22265625 0.0609375 0.09609375
2 0.55703125 0.6109375 0.05390625 0.084375
2 0.50859375 0.8421875 0.08046875 0.17734375
2 0.37421875 0.8484375 0.04375 0.059375
2 0.4140625 0.940625 0.0796875 0.09609375
2 0.31015625 0.553125 0.05703125 0.05390625
2 0.33125 0.49140625 0.0609375 0.07890625
2 0.4 0.53046875 0.0703125 0.08984375
2 0.375 0.62109375 0.0609375 0.06328125
2 0.33515625 0.69296875 0.10625 0.10390625
2 0.38828125 0.22421875 0.071875 0.103125
2 0.36953125 0.3125 0.05703125 0.0578125
2 0.27109375 0.37421875 0.0859375 0.1359375
2 0.31953125 0.1359375 0.0640625 0.06484375
2 0.34921875 0.06484375 0.05390625 0.05546875