2 0.45625 0.3203125 0.13359375 0.05546875
2 0.5015625 0.38203125 0.09296875 0.04453125
2 0.45625 0.46640625 0.13359375 0.0765625
2 0.6546875 0.51484375 0.0828125 0.0625
2 0.67421875 0.446875 0.08515625 0.08203125
2 0.82265625 0.3484375 0.08125 0.0484375
2 0.77265625 0.22109375 0.09296875 0.05625
2 0.64140625 0.25703125 0.0859375 0.046875
2 0.8765625 0.1328125 0.08984375 0.0578125
2 0.9296875 0.1640625 0.0890625 0.0578125
2 0.78671875 0.1234375 0.04296875 0.03125
2 0.5625 0.1046875 0.11953125 0.04921875
2 0.2609375 0.621875 0.0796875 0.065625
2 0.3734375 0.63125 0.09765625 0.03671875
2 0.40859375 0.5890625 0.0609375 0.04453125
2 0.16953125 0.8765625 0.12421875 0.0671875
2 0.42421875 0.859375 0.0953125 0.0515625
2 0.50703125 0.80546875 0.1140625 0.059375
2 0.61640625 0.87734375 0.06640625 0.04375
2 0.5671875 0.95546875 0.115625 0.08828125
2 0.34453125 0.90390625 0.0703125 0.040625
2 0.3015625 0.6953125 0.0578125 0.05
2 0.2078125 0.80625 0.05625 0.03515625
2 0.0671875 0.784375 0.059375 0.0390625
2 0.096875 0.84375 0.034375 0.0359375
2 0.521875 0.5390625 0.05078125 0.03984375
2 0.53671875 0.5875 0.05078125 0.03828125
2 0.49921875 0.721875 0.07265625 0.046875