2 0.82734375 0.80390625 0.14296875 0.1578125
2 0.346875 0.72890625 0.1234375 0.09296875
2 0.553125 0.88046875 0.09609375 0.096875
2 0.90625 0.51875 0.08671875 0.08515625
2 0.56796875 0.353125 0.07265625 0.0703125
2 0.66171875 0.440625 0.07734375 0.05859375
2 0.5140625 0.5921875 0.0625 0.0765625
2 0.30703125 0.18515625 0.096875 0.07578125
2 0.246875 0.54375 0.26640625 0.19375
2 0.63984375 0.8890625 0.05234375 0.0578125
2 0.14921875 0.08828125 0.10625 0.06015625
2 0.246875 0.1 0.053125 0.0515625
2 0.54921875 0.18671875 0.10625 0.06171875
2 0.4265625 0.20078125 0.0921875 0.0984375
2 0.434375 0.44375 0.07265625 0.0734375
2 0.22734375 0.26328125 0.103125 0.1296875