2 0.82890625 0.1125 0.1328125 0.0828125
2 0.41484375 0.0734375 0.1265625 0.10078125
2 0.59609375 0.1109375 0.15546875 0.10078125
2 0.5 0.1828125 0.1328125 0.0671875
2 0.66796875 0.39453125 0.22421875 0.1125
2 0.33359375 0.47421875 0.13671875 0.08515625
2 0.559375 0.53125 0.1671875 0.07421875
2 0.4953125 0.6125 0.10078125 0.07734375
2 0.5421875 0.67421875 0.10625 0.06796875
2 0.31953125 0.56015625 0.08515625 0.065625
2 0.19140625 0.6515625 0.10703125 0.06328125
2 0.1 0.8515625 0.1375 0.09375