2 0.20390625 0.41171875 0.1671875 0.096875
2 0.64609375 0.6203125 0.10625 0.07421875
2 0.81875 0.91171875 0.12578125 0.11171875
2 0.334375 0.7671875 0.153125 0.09375
2 0.13515625 0.84375 0.1171875 0.10859375
2 0.24609375 0.87265625 0.0921875 0.08125
2 0.11484375 0.721875 0.10234375 0.06328125
2 0.025 0.6015625 0.05 0.07265625
2 0.09609375 0.56953125 0.04375 0.0421875
2 0.2609375 0.1953125 0.07890625 0.07578125
2 0.54140625 0.4921875 0.07109375 0.0578125
2 0.4890625 0.42734375 0.0546875 0.0390625