2 0.190625 0.16171875 0.1703125 0.15625
2 0.4578125 0.08515625 0.08125 0.1
2 0.1296875 0.46328125 0.1515625 0.11484375
2 0.26171875 0.640625 0.09765625 0.11015625
2 0.56484375 0.3359375 0.07734375 0.0640625
2 0.4109375 0.48046875 0.06953125 0.0640625
2 0.659375 0.42421875 0.06953125 0.05546875
2 0.559375 0.553125 0.0484375 0.0578125
2 0.41484375 0.684375 0.0671875 0.0875
2 0.31484375 0.76640625 0.05078125 0.046875
2 0.1140625 0.3640625 0.0796875 0.05703125
2 0.828125 0.71171875 0.05078125 0.08984375
2 0.24296875 0.33984375 0.0859375 0.10859375
2 0.37890625 0.77734375 0.0609375 0.103125
2 0.28203125 0.88203125 0.15 0.1140625
2 0.6453125 0.646875 0.06796875 0.06015625
2 0.50625 0.65390625 0.053125 0.059375
2 0.521875 0.73359375 0.06484375 0.05234375
2 0.16640625 0.565625 0.0578125 0.05625
2 0.81328125 0.58671875 0.078125 0.11796875
2 0.92578125 0.8484375 0.0765625 0.0734375
2 0.8921875 0.75625 0.0609375 0.06875
2 0.44921875 0.26796875 0.071875 0.06484375