2 0.46640625 0.46953125 0.08359375 0.13515625
2 0.16484375 0.5625 0.09296875 0.13203125
2 0.359375 0.85234375 0.06328125 0.08203125
2 0.7234375 0.8078125 0.07578125 0.1375
2 0.5796875 0.709375 0.07734375 0.09140625
2 0.55234375 0.79609375 0.06328125 0.08828125
2 0.634375 0.378125 0.0953125 0.08203125
2 0.54453125 0.44765625 0.065625 0.0578125
2 0.33515625 0.30859375 0.09921875 0.10234375
2 0.0515625 0.26328125 0.06640625 0.10390625
2 0.23125 0.08046875 0.07265625 0.09765625
2 0.62109375 0.0578125 0.08984375 0.1125
2 0.47578125 0.03125 0.0859375 0.0625
2 0.69140625 0.0234375 0.08203125 0.046875
2 0.7640625 0.12265625 0.0578125 0.0890625
2 0.896875 0.071875 0.04921875 0.1140625
2 0.92109375 0.50078125 0.04921875 0.10078125
2 0.7109375 0.48515625 0.04765625 0.07421875
2 0.7140625 0.63046875 0.07890625 0.06796875