2 0.72265625 0.325 0.11953125 0.12421875
2 0.89609375 0.55859375 0.084375 0.146875
2 0.8234375 0.8421875 0.2015625 0.14140625
2 0.54140625 0.90390625 0.1078125 0.1
2 0.4515625 0.65234375 0.075 0.0765625
2 0.57265625 0.51875 0.09921875 0.08125
2 0.59375 0.24765625 0.09296875 0.21796875
2 0.72265625 0.11640625 0.14296875 0.14296875
2 0.09296875 0.2359375 0.0875 0.25859375
2 0.17265625 0.290625 0.0875 0.0921875
2 0.290625 0.2421875 0.13203125 0.09296875
2 0.44375 0.4390625 0.090625 0.06875
2 0.36328125 0.5640625 0.10390625 0.0828125