2 0.3375 0.30078125 0.11015625 0.1296875
2 0.05234375 0.26796875 0.1046875 0.1171875
2 0.159375 0.56328125 0.090625 0.14375
2 0.25390625 0.0734375 0.1109375 0.08359375
2 0.6125 0.0609375 0.06484375 0.121875
2 0.47734375 0.04296875 0.0703125 0.0859375
2 0.47109375 0.4765625 0.07421875 0.115625
2 0.63046875 0.375 0.078125 0.0875
2 0.7046875 0.46796875 0.0703125 0.07265625
2 0.70625 0.64609375 0.07734375 0.10390625
2 0.74140625 0.809375 0.08125 0.08515625
2 0.57578125 0.76015625 0.10234375 0.190625
2 0.3546875 0.8546875 0.10859375 0.08671875
2 0.93984375 0.49609375 0.0828125 0.1015625
2 0.8859375 0.07109375 0.08671875 0.1015625
2 0.7609375 0.12421875 0.07734375 0.10546875