4 0.44296875 0.178125 0.1078125 0.35546875
4 0.5640625 0.140625 0.13828125 0.2765625
4 0.1515625 0.32890625 0.16171875 0.33515625
4 0.04609375 0.38671875 0.0859375 0.43203125
4 0.06171875 0.15078125 0.0625 0.29453125
4 0.13125 0.1609375 0.05625 0.3109375
4 0.23671875 0.36640625 0.46875 0.725
4 0.88359375 0.12578125 0.08359375 0.21171875
4 0.10625 0.55078125 0.20625 0.41328125
4 0.775 0.45546875 0.18125 0.17265625
4 0.4296875 0.44765625 0.10703125 0.3
4 0.63984375 0.65546875 0.115625 0.1234375
4 0.44375 0.609375 0.18359375 0.3140625
4 0.36171875 0.821875 0.196875 0.3484375
4 0.10234375 0.28515625 0.11328125 0.1203125
4 0.10625 0.771875 0.084375 0.33203125
4 0.84453125 0.4078125 0.3 0.79609375
4 0.65703125 0.16953125 0.18984375 0.12734375
4 0.5796875 0.64609375 0.05 0.3109375
4 0.03125 0.07421875 0.06015625 0.1453125
4 0.33671875 0.04765625 0.096875 0.09453125
4 0.95859375 0.23203125 0.075 0.45234375
4 0.690625 0.4875 0.1015625 0.29375
4 0.196875 0.1546875 0.03359375 0.3
4 0.7734375 0.9109375 0.109375 0.178125
4 0.503125 0.34375 0.19140625 0.67734375
4 0.06328125 0.8484375 0.1265625 0.1015625
4 0.0328125 0.59921875 0.06484375 0.196875
4 0.725 0.6078125 0.278125 0.33984375
4 0.79375 0.2078125 0.05234375 0.409375
4 0.82734375 0.95 0.0640625 0.1
4 0.3765625 0.3265625 0.128125 0.64609375
4 0.64765625 0.08046875 0.0671875 0.1546875
4 0.025 0.9359375 0.0484375 0.12578125
4 0.9234375 0.50703125 0.15 0.05546875
4 0.9125 0.9265625 0.1375 0.146875
4 0.94765625 0.84453125 0.1015625 0.0515625
4 0.1390625 0.3890625 0.075 0.7484375
4 0.5875 0.53125 0.14453125 0.12421875
4 0.24140625 0.0734375 0.0296875 0.146875
4 0.0546875 0.81015625 0.10625 0.3796875
4 0.396875 0.96796875 0.11875 0.0640625
4 0.81171875 0.6984375 0.0875 0.1359375
4 0.18125 0.41796875 0.05625 0.834375
4 0.5140625 0.8484375 0.08046875 0.27109375
4 0.09296875 0.14609375 0.0234375 0.28671875
4 0.11484375 0.09609375 0.03125 0.1890625
4 0.64296875 0.81640625 0.221875 0.35546875
4 0.4375 0.875 0.07890625 0.1828125
4 0.72734375 0.3125 0.06171875 0.62109375