4 0.315625 0.16875 0.2578125 0.33671875
4 0.56796875 0.5 0.428125 1
4 0.88515625 0.2515625 0.2234375 0.21640625
4 0.77421875 0.32109375 0.4515625 0.2703125
4 0.690625 0.0890625 0.309375 0.16953125
4 0.33506944375000003 0 0.3399884265625 0.025848765625 0.3460648140625 0.0457175921875 0.3527199078125 0.0758101859375 0.3590856484375 0.09452160468750001 0.3634259265625 0.1140046296875 0.3718171296875 0.13966049375 0.376446759375 0.1676311734375 0.3816550921875 0.1911651234375 0.38570601875 0.22588734531250002 0.3883101859375 0.2644675921875 0.3885995375 0.3508873453125 0.3848379625 0.41782407343749994 0.3810763890625 0.44367283906250005 0.3787615734375 0.4826388890625 0.37586805624999997 0.50771605 0.3718171296875 0.5812114203125 0.3645833328125 0.6305941359375 0.36284722187499996 0.657600309375 0.36024305624999997 0.6790123453125 0.3596643515625 0.6994598765625 0.3561921296875 0.7480709875 0.3512731484375 0.785108025 0.3483796296875 0.8495370375 0.3457754625 0.8722993828125001 0.3420138890625 0.8898533953125 0.3362268515625 0.9598765437500001 0.3356481484375 0.9855324078125 0.3321759265625 1 0.6686921296875 1 0.665509259375 0.9895833328125001 0.6643518515625 0.9822530859375 0.6585648140625 0.9234182093750001 0.6539351859375 0.8927469140625 0.6495949078125001 0.8481867281250001 0.64351851875 0.8040123453125 0.6397569437499999 0.759259259375 0.6328125 0.7322530859375 0.6319444437499999 0.723186728125 0.6325231484375 0.69540895 0.6276041671875 0.656635803125 0.6258680562500001 0.6321373453125 0.6223958328125 0.6082175921874999 0.6192129625 0.5929783953125 0.6140046296875 0.546875 0.607928240625 0.5055941359375 0.5963541671875 0.44328703750000004 0.59085648125 0.42534722187499996 0.586516203125 0.4045138890625 0.5763888890625 0.37364969062500003 0.5720486109375 0.3240740734375 0.5679976859375 0.3105709875 0.5642361109375 0.3040123453125 0.5616319437499999 0.29417438281249997 0.558159721875 0.25347222187499996 0.551215278125 0.21875 0.5451388890625 0.1682098765625 0.540509259375 0.14949845625 0.5350115734374999 0.11342592656249999 0.5251736109375 0.0808256171875 0.519097221875 0.0486111109375 0.516203703125 0.03819444375 0.51273148125 0.0329861109375 0.5098379625 0.0250771609375 0.5037615734374999 0.013503085937500001 0.49305555625 0 0.33506944375000003 0
4 0.36875 0.11875 0.08359375 0.21015625
4 0.89765625 0.0953125 0.1921875 0.03359375
4 0.8890625 0.1421875 0.18359375 0.028125
4 0.9 0.271875 0.1859375 0.0734375
4 0.6234375 0.109375 0.075 0.184375
4 0.31640625 0.10546875 0.1046875 0.2109375
4 0.2578125 0.06640625 0.13828125 0.13203125
4 0.421875 0.09765625 0.07578125 0.16875
4 0.9515625 0.3078125 0.096875 0.11796875
4 0.10390625 0.1078125 0.1953125 0.215625
4 0.9828125 0.61171875 0.0328125 0.153125