4 0.896875 0.30625 0.20625 0.33125
4 0.20234375 0.503125 0.2671875 0.9859375
4 0.0859375 0.49921875 0.1515625 0.98359375
4 0.61484375 0.11015625 0.1953125 0.2171875
4 0.871875 0.1515625 0.25625 0.303125
4 0.6921875 0.559375 0.19375 0.88125
4 0.9046875 0.665625 0.18125 0.66875
4 0.10390625 0.278125 0.1796875 0.240625
4 0.81953125 0.60625 0.16015625 0.22734375
4 0.53515625 0.37890625 0.07578125 0.27890625
4 0.1796875 0.08046875 0.19453125 0.1609375
4 0.0328125 0.3375 0.065625 0.43359375
4 0.84375 0.5328125 0.19296875 0.07578125
4 0.85859375 0.46171875 0.22109375 0.08125
4 0.44765625 0.21171875 0.28671875 0.1390625
4 0.26953125 0.86796875 0.16640625 0.24765625
4 0.79453125 0.08828125 0.1390625 0.14296875
4 0.428125 0.81796875 0.20234375 0.3640625
4 0.96484375 0.50703125 0.0703125 0.31875
4 0.35078125 0.084375 0.07578125 0.16875
4 0.51484375 0.87265625 0.09375 0.2359375
4 0.4796875 0.50703125 0.31328125 0.975