4 0.22265625 0.5 0.20703125 1
4 0.1921875 0.15078125 0.0984375 0.29921875
4 0.75625 0.25703125 0.1265625 0.3046875
4 0.71875 0.08046875 0.20078125 0.15078125
4 0.85546875 0.09609375 0.275 0.17421875
4 0.13125 0.1 0.0734375 0.19921875
4 0.9265625 0.43125 0.0859375 0.3921875
4 0.58046875 0.5 0.103125 1
4 0.0765625 0.5 0.15078125 1
4 0.48125 0.16484375 0.0671875 0.2546875
4 0.82421875 0.4234375 0.121875 0.2984375
4 0.3875 0.5 0.19609375 1
4 0.58984375 0.84375 0.23203125 0.18203125
4 0.509375 0.1 0.059375 0.19609375
4 0.534375 0.16171875 0.10234375 0.15
4 0.265625 0.16796875 0.11640625 0.3265625
4 0.2703125 0.5328125 0.0671875 0.371875
4 0.7234375 0.8234375 0.15703125 0.3515625
4 0.74140625 0.17890625 0.5171875 0.3546875
4 0.946875 0.17734375 0.1046875 0.3140625
4 0.534375 0.36640625 0.07421875 0.22421875
4 0.90546875 0.540625 0.18203125 0.82421875
4 0.18359375 0.36953125 0.08984375 0.45078125
4 0.7375 0.678125 0.51875 0.18359375
4 0.61328125 0.4703125 0.2171875 0.16953125
4 0.78515625 0.56328125 0.16015625 0.09296875
4 0.51484375 0.5390625 0.0921875 0.04921875
4 0.48828125 0.80625 0.0734375 0.28515625
4 0.15703125 0.21953125 0.08046875 0.22890625
4 0.49453125 0.671875 0.13125 0.08984375
4 0.01796875 0.19140625 0.0359375 0.3546875