4 0.2953125 0.12890625 0.0921875 0.2484375
4 0.04453125 0.16875 0.0796875 0.328125
4 0.2390625 0.3609375 0.09921875 0.41015625
4 0.4578125 0.25703125 0.0953125 0.50703125
4 0.678125 0.1421875 0.0640625 0.26953125
4 0.5921875 0.13828125 0.13828125 0.2640625
4 0.33046875 0.4859375 0.1484375 0.971875
4 0.7234375 0.59765625 0.1984375 0.14921875
4 0.74453125 0.20546875 0.05859375 0.2484375
4 0.228125 0.1625 0.06953125 0.3109375
4 0.12265625 0.1109375 0.03359375 0.22109375
4 0.496875 0.10546875 0.10234375 0.20546875
4 0.05390625 0.6515625 0.1078125 0.11875
4 0.7609375 0.0953125 0.20859375 0.14140625
4 0.934375 0.41953125 0.0546875 0.8390625
4 0.15546875 0.24453125 0.04140625 0.3453125
4 0.54375 0.49296875 0.09375 0.50625
4 0.39140625 0.70546875 0.04765625 0.24140625
4 0.89921875 0.90390625 0.08984375 0.190625
4 0.60078125 0.6453125 0.06796875 0.42890625
4 0.38125 0.85 0.05390625 0.2921875
4 0.0890625 0.5375 0.03828125 0.4328125
4 0.5875 0.8359375 0.08984375 0.1890625
4 0.84609375 0.65234375 0.08828125 0.50390625
4 0.51171875 0.72578125 0.14296875 0.50859375
4 0.1765625 0.22109375 0.12578125 0.4328125
4 0.18046875 0.209375 0.03515625 0.40234375
4 0.046875 0.6203125 0.0453125 0.24765625
4 0.62734375 0.93828125 0.0765625 0.1234375
4 0.7015625 0.5015625 0.1640625 0.025
4 0.45859375 0.42109375 0.078125 0.17734375
4 0.8921875 0.48359375 0.196875 0.96015625
4 0.59453125 0.64609375 0.16484375 0.7078125
4 0.15546875 0.63671875 0.0375 0.33671875
4 0.44375 0.846875 0.09296875 0.3
4 0.05390625 0.72890625 0.103125 0.0359375
4 0.42578125 0.66875 0.1640625 0.66171875