4 0.35234375 0.178125 0.134375 0.35625
4 0.34921875 0.45625 0.1421875 0.43359375
4 0.4890625 0.5 0.1140625 1
4 0.13125 0.42890625 0.1046875 0.8484375
4 0.3328125 0.81328125 0.1625 0.3015625
4 0.9125 0.0921875 0.16796875 0.17890625
4 0.0828125 0.45703125 0.1484375 0.27890625
4 0.69921875 0.87578125 0.28203125 0.24765625
4 0.8796875 0.48203125 0.23984375 0.2828125
4 0.7703125 0.72421875 0.45859375 0.18515625
4 0.6375 0.0921875 0.18203125 0.18125
4 0.86796875 0.2703125 0.26328125 0.425
4 0.20234375 0.284375 0.07734375 0.56484375
4 0.05234375 0.14921875 0.1046875 0.2984375
4 0.23984375 0.090625 0.08125 0.18046875
4 0.6234375 0.41328125 0.1421875 0.16953125