4 0.3234375 0.896875 0.2578125 0.20546875
4 0.86796875 0.86875 0.2640625 0.175
4 0.44375 0.74140625 0.18125 0.13046875
4 0.840625 0.5125 0.31171875 0.23125
4 0.86640625 0.6515625 0.26484375 0.19296875
4 0.91640625 0.14296875 0.1671875 0.253125
4 0.190625 0.396875 0.3703125 0.30390625
4 0.6140625 0.5875 0.2625 0.825
4 0.05546875 0.1640625 0.1109375 0.29140625
4 0.0828125 0.509375 0.11796875 0.2546875
4 0.21171875 0.14921875 0.1703125 0.29296875
4 0.14375 0.3234375 0.2875 0.11953125
4 0.6828125 0.16171875 0.24296875 0.315625
4 0.87734375 0.27734375 0.23203125 0.1515625
4 0.909375 0.7859375 0.17265625 0.07578125
4 0.83203125 0.15234375 0.140625 0.28828125
4 0.1609375 0.496875 0.26953125 0.97578125
4 0.40234375 0.3453125 0.0796875 0.18125
4 0.6828125 0.215625 0.11796875 0.1796875
4 0.29453125 0.13359375 0.08515625 0.25078125
4 0.80078125 0.41796875 0.1953125 0.1171875
4 0.94453125 0.3625 0.1109375 0.27265625
4 0.8375 0.3703125 0.30703125 0.0484375
4 0.17421875 0.265625 0.11015625 0.190625
4 0.29609375 0.4296875 0.16171875 0.20234375
4 0.36015625 0.26796875 0.246875 0.12109375
4 0.43125 0.109375 0.078125 0.21640625
4 0.17109375 0.4609375 0.09140625 0.290625
4 0.453125 0.9234375 0.16171875 0.153125
4 0.340625 0.15 0.08203125 0.2734375
4 0.36484375 0.81171875 0.07734375 0.20234375
4 0.83359375 0.27890625 0.32734375 0.54453125
4 0.8265625 0.93359375 0.17734375 0.1328125
4 0.446875 0.33828125 0.0921875 0.23203125
4 0.77109375 0.11953125 0.4171875 0.09296875
4 0.709375 0.30078125 0.08046875 0.1609375
4 0.575 0.078125 0.08828125 0.15625
4 0.4703125 0.4078125 0.05859375 0.140625
4 0.68515625 0.38828125 0.6296875 0.0734375
4 0.38125 0.2375 0.253125 0.459375
4 0.7609375 0.203125 0.10078125 0.2609375
4 0.8609375 0.0578125 0.2484375 0.05234375
4 0.01796875 0.34140625 0.0359375 0.27109375
4 0.796875 0.59296875 0.17421875 0.0953125
4 0.65625 0.8328125 0.6421875 0.32890625