4 0.08203125 0.803125 0.15703125 0.2296875
4 0.46875 0.2796875 0.2046875 0.55859375
4 0.7203125 0.16484375 0.06484375 0.32578125
4 0.40859375 0.82890625 0.20859375 0.19921875
4 0.340625 0.146875 0.18671875 0.2640625
4 0.18203125 0.184375 0.11796875 0.35703125
4 0.5140625 0.134375 0.1203125 0.259375
4 0.35703125 0.45859375 0.2078125 0.346875
4 0.16484375 0.36875 0.12109375 0.21953125
4 0.540625 0.415625 0.1171875 0.28046875
4 0.09921875 0.5015625 0.1984375 0.996875
4 0.13984375 0.21015625 0.11328125 0.2046875
4 0.93125 0.496875 0.13125 0.99375