4 0.7578125 0.21171875 0.11875 0.41640625
4 0.8765625 0.52734375 0.246875 0.26796875
4 0.465625 0.5 0.25234375 1
4 0.26484375 0.50234375 0.07578125 0.9953125
4 0.83046875 0.840625 0.33359375 0.28828125
4 0.840625 0.26640625 0.17890625 0.36484375
4 0.15546875 0.69765625 0.28046875 0.6046875
4 0.1890625 0.39765625 0.13359375 0.3703125
4 0.57578125 0.10703125 0.0515625 0.21171875
4 0.8921875 0.17265625 0.05703125 0.3171875
4 0.19921875 0.32890625 0.1015625 0.1359375
4 0.94375 0.25703125 0.1046875 0.509375
4 0.396875 0.04453125 0.12109375 0.08671875
4 0.31796875 0.4578125 0.14921875 0.24140625
4 0.7765625 0.43125 0.44609375 0.18671875
4 0.96796875 0.7078125 0.0640625 0.190625
4 0.23359375 0.175 0.10078125 0.075
4 0.07734375 0.07265625 0.10859375 0.1453125
4 0.19609375 0.6984375 0.1125 0.10703125
4 0.171875 0.26015625 0.328125 0.2984375
4 0.6859375 0.03359375 0.0796875 0.0625
4 0.178125 0.4390625 0.0453125 0.2984375
4 0.21015625 0.3921875 0.14609375 0.06796875
4 0.2515625 0.68984375 0.2625 0.18046875
4 0.83828125 0.25234375 0.0546875 0.5046875
4 0.80546875 0.69296875 0.3140625 0.2484375
4 0.34921875 0.5703125 0.090625 0.1171875
4 0.2203125 0.2640625 0.0453125 0.52109375
4 0.13671875 0.059375 0.08125 0.11875
4 0.12734375 0.54140625 0.04921875 0.246875
4 0.02890625 0.140625 0.0578125 0.27421875
4 0.59921875 0.50390625 0.11015625 0.9921875