4 0.20390625 0.1203125 0.08203125 0.23515625
4 0.36953125 0.13203125 0.09296875 0.25703125
4 0.24375 0.5 0.1671875 0.99921875
4 0.46953125 0.30703125 0.14609375 0.6046875
4 0.09296875 0.503125 0.11953125 0.99296875
4 0.7890625 0.58359375 0.15234375 0.51171875
4 0.334375 0.49609375 0.1515625 0.9921875
4 0.30859375 0.52421875 0.0734375 0.4125
4 0.7359375 0.2546875 0.07890625 0.25
4 0.50546875 0.153125 0.0828125 0.303125
4 0.5359375 0.359375 0.05234375 0.41796875
4 0.803125 0.33828125 0.05078125 0.33125
4 0.475 0.77421875 0.1640625 0.45078125
4 0.4390625 0.88671875 0.13125 0.140625
4 0.028125 0.12109375 0.0515625 0.2171875
4 0.62109375 0.50546875 0.1578125 0.9890625
4 0.290625 0.79140625 0.07890625 0.4171875
4 0.77421875 0.33046875 0.14375 0.090625
4 0.84609375 0.096875 0.30703125 0.1578125
4 0.04765625 0.36953125 0.09453125 0.5
4 0.3546875 0.03828125 0.0578125 0.071875
4 0.815625 0.3671875 0.10234375 0.065625
4 0.26796875 0.215625 0.10859375 0.421875
4 0.7875 0.8578125 0.14140625 0.08359375
4 0.16953125 0.2140625 0.0765625 0.065625
4 0.1515625 0.296875 0.0515625 0.11796875
4 0.10546875 0.2625 0.15625 0.178125
4 0.39609375 0.11640625 0.0328125 0.1578125
4 0.909375 0.6921875 0.125 0.615625