4 0.2796875 0.18046875 0.084375 0.3296875
4 0.28515625 0.44609375 0.0859375 0.26875
4 0.1046875 0.17421875 0.08984375 0.3453125
4 0.05546875 0.303125 0.10859375 0.60546875
4 0.91640625 0.14609375 0.1671875 0.2828125
4 0.18046875 0.33125 0.1203125 0.6578125
4 0.25390625 0.14453125 0.03125 0.2765625
4 0.81953125 0.2234375 0.3609375 0.32109375
4 0.240625 0.584375 0.18046875 0.28515625
4 0.7484375 0.52734375 0.50234375 0.27421875
4 0.13671875 0.065625 0.05859375 0.11953125
4 0.6125 0.4046875 0.15625 0.078125
4 0.20390625 0.1125 0.0734375 0.221875
4 0.553125 0.20390625 0.1234375 0.246875
4 0.1734375 0.58046875 0.05625 0.2453125
4 0.15 0.66015625 0.290625 0.6796875
4 0.234375 0.31328125 0.07734375 0.60703125
4 0.11796875 0.43984375 0.1453125 0.54140625
4 0.4640625 0.91015625 0.0546875 0.16796875
4 0.5484375 0.0359375 0.171875 0.0703125
4 0.38046875 0.4984375 0.14140625 0.996875
4 0.06328125 0.171875 0.08515625 0.16171875
4 0.5171875 0.46484375 0.06015625 0.15390625
4 0.71953125 0.440625 0.15546875 0.63046875
4 0.57734375 0.7140625 0.14453125 0.05234375
4 0.08359375 0.31640625 0.05546875 0.121875
4 0.8578125 0.615625 0.17578125 0.3765625
4 0.65234375 0.028125 0.09140625 0.05546875
4 0.80390625 0.67578125 0.153125 0.07421875
4 0.50625 0.86328125 0.13125 0.27265625
4 0.865625 0.45703125 0.2625 0.12265625