4 0.43828125 0.50625 0.15 0.9796875
4 0.553125 0.13046875 0.165625 0.2578125
4 0.1671875 0.62734375 0.23828125 0.74453125
4 0.88671875 0.23984375 0.2265625 0.21015625
4 0.8359375 0.53125 0.328125 0.090625
4 0.18828125 0.125 0.36640625 0.146875
4 0.7609375 0.38671875 0.46953125 0.121875
4 0.1046875 0.31171875 0.209375 0.1640625
4 0.83515625 0.1265625 0.3265625 0.25
4 0.034375 0.5828125 0.06875 0.0890625
4 0.840625 0.67265625 0.2 0.653125
4 0.65 0.78359375 0.278125 0.42421875
4 0.18671875 0.31015625 0.3671875 0.6109375
4 0.07578125 0.0546875 0.14921875 0.10703125
4 0.26953125 0.375 0.16875 0.146875
4 0.76953125 0.8984375 0.33828125 0.19921875
4 0.590625 0.08984375 0.053125 0.178125
4 0.28359375 0.04921875 0.0765625 0.0984375
4 0.37890625 0.43046875 0.3796875 0.11015625
4 0.928125 0.71796875 0.13203125 0.496875
4 0.7671875 0.43359375 0.1015625 0.190625
4 0.1296875 0.13828125 0.10234375 0.2765625
4 0.8125 0.3421875 0.375 0.04765625