4 0.3484375 0.5421875 0.13984375 0.91484375
4 0.09921875 0.45390625 0.19765625 0.90390625
4 0.146875 0.5296875 0.29296875 0.45703125
4 0.2265625 0.29140625 0.2234375 0.371875
4 0.54140625 0.56015625 0.290625 0.40859375
4 0.571875 0.153125 0.20625 0.30390625
4 0.190625 0.8796875 0.19609375 0.240625
4 0.06640625 0.65 0.13125 0.21953125
4 0.07421875 0.81015625 0.1484375 0.11015625
4 0.10703125 0.2828125 0.2046875 0.1703125
4 0.24296875 0.66015625 0.11484375 0.39375
4 0.725 0.51328125 0.11328125 0.3078125
4 0.88984375 0.32265625 0.20703125 0.54375
4 0.08359375 0.3859375 0.084375 0.37109375
4 0.04765625 0.16875 0.0796875 0.33515625
4 0.10546875 0.1375 0.07109375 0.271875
4 0.7875 0.103125 0.1140625 0.19765625
4 0.3390625 0.696875 0.5453125 0.59609375
4 0.840625 0.828125 0.19921875 0.17109375
4 0.6265625 0.3625 0.2375 0.29140625
4 0.60859375 0.87578125 0.2484375 0.2484375
4 0.63984375 0.678125 0.12421875 0.0953125
4 0.49375 0.42265625 0.171875 0.3015625
4 0.1328125 0.73203125 0.06953125 0.303125
4 0.38125 0.05 0.0921875 0.09921875
4 0.02734375 0.52734375 0.0546875 0.41015625
4 0.91484375 0.8734375 0.16640625 0.075
4 0.915625 0.92890625 0.140625 0.1421875
4 0.1734375 0.15625 0.09921875 0.3078125
4 0.4484375 0.225 0.09375 0.45
4 0.79453125 0.49765625 0.39296875 0.9890625
4 0.07265625 0.5 0.140625 0.9875
4 0.5109375 0.84765625 0.05234375 0.27890625
4 0.25 0.13046875 0.03984375 0.26015625
4 0.96875 0.24296875 0.0625 0.45625
4 0.93515625 0.546875 0.1296875 0.07890625
4 0.46796875 0.75234375 0.1421875 0.21640625
4 0.8078125 0.54140625 0.2171875 0.33984375
4 0.60078125 0.59609375 0.05390625 0.16484375
4 0.79609375 0.31640625 0.03828125 0.3234375
4 0.44140625 0.9671875 0.09453125 0.065625
4 0.17109375 0.4359375 0.0734375 0.16640625
4 0.7203125 0.18046875 0.13984375 0.1015625
4 0.8109375 0.62734375 0.0546875 0.25390625
4 0.15625 0.6453125 0.05 0.2375
4 0.4515625 0.87109375 0.08046875 0.19921875
4 0.06328125 0.8234375 0.11328125 0.353125
4 0.8375 0.73515625 0.13359375 0.153125
4 0.19609375 0.603125 0.0515625 0.303125