4 0.56484375 0.60078125 0.0875 0.79453125
4 0.5953125 0.21796875 0.06640625 0.42421875
4 0.39140625 0.1859375 0.12734375 0.2984375
4 0.6640625 0.2515625 0.09140625 0.49296875
4 0.775 0.22109375 0.140625 0.43828125
4 0.8828125 0.57578125 0.22890625 0.40078125
4 0.025 0.17109375 0.05 0.3421875
4 0.52109375 0.2046875 0.0671875 0.40546875
4 0.8875 0.2171875 0.146875 0.42734375
4 0.7375 0.49453125 0.2359375 0.9890625
4 0.3984375 0.5375 0.10859375 0.46015625
4 0.0734375 0.41015625 0.1328125 0.81484375
4 0.7609375 0.47890625 0.06015625 0.95078125
4 0.33515625 0.2421875 0.06015625 0.48359375
4 0.153125 0.1171875 0.046875 0.234375
4 0.84296875 0.16953125 0.05390625 0.3
4 0.15078125 0.42265625 0.07578125 0.1703125
4 0.18203125 0.15234375 0.0390625 0.3046875
4 0.628125 0.1828125 0.0375 0.31953125
4 0.62265625 0.4953125 0.14296875 0.9875
4 0.71171875 0.1796875 0.04375 0.359375
4 0.1875 0.4859375 0.15390625 0.30390625
4 0.41640625 0.83828125 0.20234375 0.31953125
4 0.8984375 0.14296875 0.053125 0.2859375
4 0.89140625 0.803125 0.209375 0.39296875
4 0.3 0.49921875 0.109375 0.9984375
4 0.5109375 0.75234375 0.0734375 0.49375
4 0.4796875 0.2484375 0.05625 0.496875
4 0.6359375 0.08359375 0.03515625 0.15859375
4 0.978125 0.22421875 0.03984375 0.39296875
4 0.68046875 0.7671875 0.04921875 0.4421875