4 0.5 0.39921875 1 0.11875
4 0.325 0.19140625 0.375 0.3828125
4 0.71328125 0.17421875 0.32890625 0.3421875
4 0.49765625 0.53203125 0.99296875 0.15078125
4 0.86640625 0.2046875 0.25625 0.29375
4 0.203125 0.70390625 0.31640625 0.325
4 0.33359375 0.7796875 0.26171875 0.428125
4 0.22265625 0.16875 0.30546875 0.16953125
4 0.14765625 0.08984375 0.16640625 0.1765625
4 0.590625 0.81015625 0.26953125 0.3796875
4 0.3765625 0.04765625 0.16328125 0.09375
4 0.67265625 0.86484375 0.1234375 0.253125
4 0.453125 0.2734375 0.08203125 0.153125
4 0.56484375 0.94140625 0.17421875 0.11640625
4 0.47265625 0.2015625 0.0671875 0.1953125
4 0.86953125 0.0734375 0.12109375 0.1453125
4 0.4390625 0.71796875 0.11875 0.3453125
4 0.0734375 0.66015625 0.04921875 0.17421875
4 0.4484375 0.1359375 0.13125 0.06640625
4 0.91640625 0.33828125 0.1359375 0.05859375
4 0.87578125 0.6671875 0.2453125 0.665625
4 0.51484375 0.0890625 0.29296875 0.15859375
4 0.7453125 0.925 0.0625 0.12265625
4 0.9140625 0.946875 0.171875 0.103125
4 0.440625 0.2265625 0.02890625 0.140625
4 0.790625 0.67421875 0.14609375 0.3125
4 0.53203125 0.2265625 0.11953125 0.45078125
4 0.14765625 0.56171875 0.13828125 0.26484375
4 0.05546875 0.3734375 0.1109375 0.73671875
4 0.18671875 0.38828125 0.36875 0.09921875