4 0.09296875 0.2109375 0.178125 0.4203125
4 0.471875 0.19140625 0.1078125 0.378125
4 0.23125 0.621875 0.17109375 0.503125
4 0.08515625 0.45703125 0.165625 0.39375
4 0.14296875 0.76328125 0.27578125 0.31953125
4 0.2921875 0.153125 0.08828125 0.30234375
4 0.57265625 0.36640625 0.18203125 0.7328125
4 0.778125 0.0578125 0.13515625 0.10859375
4 0.8921875 0.1078125 0.09609375 0.215625
4 0.29140625 0.90234375 0.21171875 0.19453125
4 0.30546875 0.71484375 0.09140625 0.42109375
4 0.4171875 0.778125 0.2921875 0.44296875
4 0.37578125 0.1484375 0.05703125 0.28984375
4 0.33828125 0.42890625 0.084375 0.1890625
4 0.07578125 0.6453125 0.14921875 0.2203125
4 0.37734375 0.8765625 0.059375 0.246875
4 0.9703125 0.1046875 0.059375 0.196875
4 0.59765625 0.8140625 0.1046875 0.1984375
4 0.96328125 0.6640625 0.07265625 0.14296875
4 0.3265625 0.26875 0.1875 0.525
4 0.228125 0.2078125 0.04921875 0.415625
4 0.90078125 0.45625 0.19765625 0.12109375
4 0.040625 0.74609375 0.0796875 0.1921875
4 0.9 0.19453125 0.18828125 0.38046875
4 0.7828125 0.33671875 0.0578125 0.45625
4 0.95859375 0.85390625 0.0828125 0.2921875
4 0.5375 0.4734375 0.09296875 0.259375
4 0.7125 0.290625 0.21328125 0.528125
4 0.565625 0.17734375 0.07109375 0.34453125
4 0.73671875 0.509375 0.0859375 0.1640625
4 0.171875 0.1203125 0.0328125 0.240625
4 0.82578125 0.7515625 0.09453125 0.16015625
4 0.57421875 0.6359375 0.4234375 0.728125