4 0.1515625 0.12265625 0.1328125 0.22421875
4 0.83828125 0.128125 0.134375 0.25234375
4 0.33125 0.80703125 0.12578125 0.36875
4 0.92421875 0.45546875 0.146875 0.3
4 0.3171875 0.49296875 0.11171875 0.2578125
4 0.36640625 0.33203125 0.08046875 0.659375
4 0.0625 0.35703125 0.07734375 0.20546875
4 0.76484375 0.375 0.11171875 0.7390625
4 0.071875 0.1609375 0.14375 0.16953125
4 0.38984375 0.05390625 0.09140625 0.10234375
4 0.08984375 0.65703125 0.17734375 0.325
4 0.6515625 0.78828125 0.07578125 0.41015625
4 0.159375 0.496875 0.31171875 0.259375
4 0.215625 0.2375 0.15703125 0.37109375
4 0.3046875 0.10078125 0.08671875 0.196875
4 0.9171875 0.9328125 0.15703125 0.1328125
4 0.834375 0.4953125 0.32109375 0.98984375
4 0.2171875 0.09453125 0.0453125 0.18828125
4 0.728125 0.13046875 0.06171875 0.2546875
4 0.44609375 0.5015625 0.1015625 0.996875
4 0.5390625 0.55234375 0.1453125 0.88828125
4 0.875 0.75078125 0.25 0.22890625