4 0.6484375 0.22109375 0.1375 0.43828125
4 0.125 0.2140625 0.24296875 0.38828125
4 0.11015625 0.46796875 0.2171875 0.4390625
4 0.90546875 0.53046875 0.18828125 0.3015625
4 0.88515625 0.11328125 0.22890625 0.2265625
4 0.09296875 0.89140625 0.1859375 0.0515625
4 0.81171875 0.5046875 0.17109375 0.98125
4 0.5453125 0.8609375 0.246875 0.1140625
4 0.58046875 0.1234375 0.0953125 0.2453125
4 0.29296875 0.43984375 0.23828125 0.29609375
4 0.53984375 0.2 0.16328125 0.14140625
4 0.1890625 0.7703125 0.378125 0.0609375
4 0.93046875 0.76171875 0.1390625 0.25234375
4 0.2546875 0.225 0.08359375 0.403125
4 0.57109375 0.4703125 0.1796875 0.41640625
4 0.31328125 0.61796875 0.115625 0.165625
4 0.74375 0.253125 0.0828125 0.4984375
4 0.4734375 0.22265625 0.0703125 0.44140625
4 0.8140625 0.78671875 0.36875 0.41953125
4 0.89609375 0.2828125 0.20703125 0.03671875
4 0.79296875 0.18515625 0.05859375 0.3609375
4 0.6734375 0.1046875 0.04921875 0.20859375
4 0.19375 0.15078125 0.0703125 0.3015625
4 0.1296875 0.93125 0.13984375 0.1375
4 0.5640625 0.31640625 0.27421875 0.06015625
4 0.45078125 0.49921875 0.1 0.97734375
4 0.33203125 0.81953125 0.659375 0.165625
4 0.59453125 0.82734375 0.1625 0.04921875
4 0.540625 0.06875 0.090625 0.07109375