4 0.8375 0.13125 0.14296875 0.2578125
4 0.3390625 0.13046875 0.08984375 0.253125
4 0.4546875 0.1609375 0.1 0.31953125
4 0.659375 0.11796875 0.1265625 0.23125
4 0.52265625 0.16015625 0.090625 0.3171875
4 0.1203125 0.390625 0.090625 0.478125
4 0.6734375 0.4046875 0.22421875 0.80078125
4 0.39140625 0.6328125 0.22421875 0.690625
4 0.86875 0.303125 0.1890625 0.10546875
4 0.2875 0.359375 0.1828125 0.2515625
4 0.9203125 0.6828125 0.1578125 0.134375
4 0.03671875 0.19765625 0.07265625 0.23203125
4 0.1875 0.475 0.0875 0.94921875
4 0.13125 0.6265625 0.096875 0.28671875
4 0.94453125 0.21953125 0.10703125 0.43515625
4 0.16484375 0.95078125 0.0890625 0.09453125
4 0.1359375 0.7703125 0.1390625 0.3796875
4 0.89375 0.89453125 0.05625 0.153125
4 0.2359375 0.9625 0.0953125 0.06640625
4 0.76484375 0.66640625 0.165625 0.15703125
4 0.52265625 0.4828125 0.240625 0.95625
4 0.6359375 0.91875 0.12421875 0.159375
4 0.7625 0.88515625 0.20859375 0.21953125
4 0.21953125 0.16875 0.0484375 0.3234375
4 0.19296875 0.86953125 0.0453125 0.2015625