4 0.0984375 0.221875 0.19140625 0.434375
4 0.70625 0.34453125 0.19609375 0.66171875
4 0.73359375 0.13203125 0.115625 0.2609375
4 0.3609375 0.1109375 0.1015625 0.21875
4 0.115625 0.64765625 0.22265625 0.32578125
4 0.0734375 0.0796875 0.14609375 0.14296875
4 0.790625 0.0921875 0.10390625 0.18203125
4 0.29375 0.32421875 0.2796875 0.64296875
4 0.6203125 0.23984375 0.26484375 0.2796875
4 0.9171875 0.534375 0.165625 0.58671875
4 0.728125 0.59609375 0.165625 0.3046875
4 0.53125 0.3578125 0.0859375 0.3390625
4 0.39140625 0.28359375 0.15078125 0.365625
4 0.5140625 0.75546875 0.31015625 0.48828125
4 0.0484375 0.309375 0.096875 0.18359375
4 0.21875 0.5578125 0.1828125 0.321875
4 0.575 0.075 0.0671875 0.14375
4 0.5828125 0.35390625 0.08359375 0.303125
4 0.8453125 0.34453125 0.259375 0.671875
4 0.68203125 0.10625 0.09453125 0.21171875
4 0.90859375 0.3046875 0.1828125 0.1453125
4 0.7 0.50859375 0.0953125 0.140625
4 0.42109375 0.221875 0.0484375 0.43359375
4 0.934375 0.059375 0.12578125 0.11796875
4 0.32109375 0.8859375 0.215625 0.21875
4 0.0828125 0.46640625 0.15859375 0.2515625
4 0.80078125 0.40078125 0.07734375 0.33671875
4 0.559375 0.38203125 0.1859375 0.74375
4 0.33125 0.70234375 0.353125 0.58671875
4 0.59296875 0.609375 0.090625 0.25859375