4 0 0.7146990734374999 0.1379243828125 0.467303240625 0.2363040125 0.353009259375 0.354938271875 0.188078703125 0.4957561734375 0.06510416718749999 0.580632715625 0.0622106484375 0.8015046296874999 0.079571759375 0.9963348765625 0.1403356484375 1 0.0925925921875 0.8333333328125001 0.0231481484375 0.62596450625 0 0.46778549375 0.037615740625 0.3356481484375 0.15335648125 0.21315586406249998 0.3182870375 0.0887345671875 0.49913194375 0 0.659722221875 0 0.7146990734374999
4 0.22578125 0.18359375 0.11484375 0.3609375
4 0.10703125 0.203125 0.196875 0.39765625
4 0.47265625 0.1453125 0.0859375 0.26328125
4 0.3859375 0.128125 0.17890625 0.24921875
4 0.05390625 0.19453125 0.0625 0.375
4 0.778125 0.1484375 0.06953125 0.284375
4 0.34453125 0.54375 0.33828125 0.21640625
4 0.9203125 0.23203125 0.1515625 0.4578125
4 0.1375 0.29921875 0.0296875 0.28984375
4 0.92890625 0.490625 0.13828125 0.07265625
4 0.9578125 0.3921875 0.078125 0.24609375
4 0.846875 0.40078125 0.146875 0.18359375
4 0.403125 0.5328125 0.4171875 0.64609375
4 0.73125 0.08203125 0.53671875 0.15546875
4 0.3421875 0.68984375 0.17421875 0.075
4 0.4375 0.60703125 0.16640625 0.10078125
4 0.7375 0.17734375 0.525 0.18125
4 0.7859375 0.8828125 0.275 0.22265625
4 0.125 0.375 0.03203125 0.39140625
4 0.8234375 0.73203125 0.3515625 0.13984375
4 0.24609375 0.85078125 0.4921875 0.29375
4 0.63515625 0.3953125 0.18828125 0.075
4 0.55546875 0.45546875 0.25 0.0671875
4 0.7296875 0.9265625 0.09609375 0.146875
4 0.5796875 0.34375 0.28203125 0.16640625
4 0.659375 0.20625 0.16328125 0.11953125
4 0.2484375 0.909375 0.078125 0.18125