4 0.30546875 0.84921875 0.3890625 0.0953125
4 0.1515625 0.14765625 0.16953125 0.25625
4 0.71640625 0.15546875 0.084375 0.30703125
4 0.1984375 0.76171875 0.38671875 0.18515625
4 0.63515625 0.53203125 0.2125 0.9359375
4 0.64453125 0.196875 0.18515625 0.13828125
4 0.2609375 0.871875 0.12734375 0.175
4 0.0984375 0.2515625 0.18984375 0.26796875
4 0.565625 0.29453125 0.06875 0.5890625
4 0.2375 0.95625 0.4640625 0.08515625
4 0.26328125 0.165625 0.13203125 0.32265625
4 0.68359375 0.06015625 0.1625 0.11015625
4 0.35703125 0.04765625 0.19140625 0.0921875
4 0.37421875 0.17578125 0.0859375 0.3375
4 0.94453125 0.05703125 0.1109375 0.1078125
4 0.05625 0.0890625 0.1078125 0.16796875
4 0.8640625 0.25546875 0.103125 0.50859375
4 0.471875 0.259375 0.06484375 0.51328125
4 0.05 0.6328125 0.09453125 0.18515625
4 0.425 0.57890625 0.0921875 0.11328125
4 0.72734375 0.765625 0.10859375 0.0296875
4 0.77734375 0.14296875 0.04140625 0.28515625
4 0.125 0.6015625 0.04921875 0.2671875
4 0.759375 0.24609375 0.09296875 0.49140625
4 0.30390625 0.59296875 0.11015625 0.18984375
4 0.64296875 0.93828125 0.14140625 0.06328125
4 0.29609375 0.26328125 0.43828125 0.525
4 0.0625 0.91484375 0.12265625 0.1578125
4 0.26484375 0.44453125 0.19140625 0.52890625
4 0.83359375 0.51640625 0.1515625 0.9671875
4 0.43046875 0.73515625 0.35 0.12421875
4 0.05 0.5015625 0.0984375 0.225
4 0.2921875 0.7140625 0.11015625 0.3046875
4 0.50546875 0.190625 0.05546875 0.375