4 0.78984375 0.1625 0.1296875 0.325
4 0.359375 0.115625 0.10390625 0.2296875
4 0.946875 0.25390625 0.10390625 0.38046875
4 0.46328125 0.16875 0.08125 0.32890625
4 0.92890625 0.49375 0.140625 0.2265625
4 0.56953125 0.18828125 0.07265625 0.3328125
4 0.21484375 0.4390625 0.12421875 0.421875
4 0.07421875 0.38359375 0.14609375 0.5140625
4 0.41484375 0.2828125 0.109375 0.21171875
4 0.63203125 0.1234375 0.065625 0.246875
4 0.86015625 0.82890625 0.16796875 0.12890625
4 0.7484375 0.07265625 0.10859375 0.12578125
4 0.378125 0.5875 0.1328125 0.2328125
4 0.390625 0.40390625 0.13984375 0.22421875
4 0.203125 0.70390625 0.14296875 0.31015625
4 0.86640625 0.25234375 0.04921875 0.278125
4 0.02265625 0.1078125 0.0453125 0.17421875
4 0.0640625 0.0234375 0.12734375 0.046875
4 0.09140625 0.10546875 0.0578125 0.1953125
4 0.33515625 0.46796875 0.09609375 0.21015625
4 0.4234375 0.69375 0.296875 0.6125
4 0.79140625 0.93203125 0.10625 0.13515625
4 0.190625 0.19375 0.05859375 0.38671875
4 0.2109375 0.2390625 0.08125 0.04453125
4 0.29140625 0.33125 0.2765625 0.653125
4 0.4640625 0.98515625 0.19140625 0.0296875
4 0.0765625 0.3984375 0.05625 0.1765625
4 0.90859375 0.1734375 0.040625 0.33671875
4 0.22109375 0.08203125 0.0328125 0.16171875
4 0.42734375 0.1765625 0.05 0.3328125
4 0.025 0.27421875 0.04921875 0.1625
4 0.0390625 0.8484375 0.07734375 0.29765625
4 0.05078125 0.65390625 0.05 0.19921875
4 0.7859375 0.35546875 0.128125 0.078125
4 0.265625 0.22109375 0.20625 0.2171875
4 0.8953125 0.48671875 0.203125 0.87890625