4 0.315625 0.16875 0.2578125 0.33671875
4 0.56796875 0.5 0.428125 1
4 0.88515625 0.2515625 0.2234375 0.21640625
4 0.77421875 0.32109375 0.4515625 0.2703125
4 0.690625 0.0890625 0.309375 0.16953125
4 0.36875 0.11875 0.08359375 0.21015625
4 0.89765625 0.0953125 0.1921875 0.03359375
4 0.8890625 0.1421875 0.18359375 0.028125
4 0.9 0.271875 0.1859375 0.0734375
4 0.6234375 0.109375 0.075 0.184375
4 0.31640625 0.10546875 0.1046875 0.2109375
4 0.2578125 0.06640625 0.13828125 0.13203125
4 0.421875 0.09765625 0.07578125 0.16875
4 0.9515625 0.3078125 0.096875 0.11796875
4 0.10390625 0.1078125 0.1953125 0.215625
4 0.9828125 0.61171875 0.0328125 0.153125