3 0.5682027649769585 0.3382582582582583 0.2037327188940092 0.06471471471471471
3 0.5587096774193548 0.41852852852852857 0.21539170506912445 0.07708708708708709
3 0.496036866359447 0.5145945945945947 0.21290322580645163 0.06906906906906907
3 0.4732718894009217 0.5594594594594595 0.20433179723502307 0.022612612612612614
3 0.42811059907834104 0.6096996996996997 0.2061290322580645 0.06303303303303302
3 0.3992165898617511 0.6913513513513514 0.11152073732718894 0.0742042042042042
3 0.22903225806451613 0.07324324324324324 0.07829493087557603 0.06318318318318318
3 0.31013824884792623 0.74 0.043917050691244235 0.047357357357357355
3 0.6063133640552995 0.08024024024024023 0.08327188940092166 0.07318318318318319
3 0.4078341013824885 0.8066666666666666 0.10414746543778802 0.12060060060060059
3 0.40815668202764976 0.9247447447447448 0.09861751152073732 0.10855855855855856
3 0.06188940092165898 0.12807807807807808 0.08811059907834101 0.04474474474474475
3 0.5716129032258065 0.18312312312312312 0.09373271889400922 0.08675675675675676
3 0.1168663594470046 0.021591591591591592 0.0936405529953917 0.043183183183183184
3 0.5298156682027649 0.2631831831831832 0.12073732718894009 0.06273273273273273