3 0.39523316062176167 0.5025570776255708 0.23813471502590675 0.06488584474885845
3 0.3986010362694301 0.5673059360730593 0.14487046632124354 0.03552511415525114
3 0.42025906735751295 0.061506849315068494 0.26020725388601035 0.12301369863013699
3 0.6277720207253886 0.6083561643835615 0.10300518134715025 0.17721461187214613
3 0.397720207253886 0.6157077625570776 0.0799481865284974 0.0291324200913242
3 0.5088082901554404 0.7961643835616439 0.07233160621761658 0.05251141552511415
3 0.677098445595855 0.8527397260273972 0.04217616580310881 0.03305936073059361
3 0.529740932642487 0.8721917808219177 0.09170984455958549 0.06561643835616437
3 0.45699481865284974 0.8954337899543379 0.04077720207253886 0.054063926940639266
3 0.5096891191709845 0.9389041095890411 0.043471502590673575 0.04018264840182649
3 0.31502590673575126 0.21237442922374428 0.14979274611398963 0.16424657534246576
3 0.46259067357512956 0.21593607305936072 0.1106217616580311 0.158675799086758
3 0.57139896373057 0.23598173515981735 0.0804663212435233 0.11538812785388128
3 0.3123316062176166 0.32095890410958905 0.059689119170984455 0.037579908675799086
3 0.4912435233160622 0.32552511415525115 0.26606217616580313 0.041141552511415526
3 0.4628497409326425 0.382283105022831 0.26699481865284974 0.057808219178082196
3 0.41595854922279796 0.4444292237442922 0.283160621761658 0.0319634703196347