3 0.26865470852017936 0.16443137254901963 0.03210762331838565 0.024705882352941175
3 0.8285201793721972 0.1650718954248366 0.21008968609865472 0.06522875816993463
3 0.3845291479820628 0.21169934640522875 0.1891031390134529 0.03645751633986928
3 0.24623318385650222 0.24458823529411766 0.07695067264573992 0.02816993464052288
3 0.8419730941704036 0.24959477124183005 0.20708520179372197 0.07739869281045751
3 0.37632286995515696 0.305359477124183 0.21748878923766815 0.04950326797385621
3 0.8673991031390135 0.33062745098039215 0.19816143497757846 0.0477516339869281
3 0.4017040358744395 0.37681045751633985 0.178609865470852 0.05296732026143791
3 0.8748430493273542 0.40250980392156865 0.21309417040358747 0.052091503267973856
3 0.4106726457399103 0.44652287581699346 0.226457399103139 0.04423529411764706
3 0.877085201793722 0.46176470588235297 0.2026457399103139 0.03986928104575163
3 0.4398206278026906 0.5079477124183006 0.21004484304932736 0.04508496732026144
3 0.8636322869955158 0.5367058823529411 0.2414798206278027 0.07644444444444444
3 0.4801793721973094 0.5859346405228758 0.20704035874439464 0.06684967320261438
3 0.894304932735426 0.6042352941176471 0.16228699551569506 0.0372156862745098
3 0.5317937219730942 0.6532418300653595 0.16968609865470854 0.04373856209150327
3 0.9129596412556054 0.6578169934640523 0.09497757847533632 0.03981699346405229
3 0.554932735426009 0.732967320261438 0.1711659192825112 0.03762091503267974
3 0.5870852017937219 0.7985359477124183 0.1666816143497758 0.04588235294117647
3 0.6147533632286996 0.8595294117647059 0.14130044843049328 0.03366013071895425
3 0.5608968609865471 0.9083267973856209 0.0037668161434977576 0.01796078431372549
3 0.32022421524663675 0.11322875816993465 0.09040358744394619 0.03126797385620915