3 0.3961658031088083 0.4626940639269406 0.1894818652849741 0.04785388127853882
3 0.5281865284974093 0.05136986301369863 0.02994818652849741 0.03210045662100457
3 0.38419689119170986 0.537716894977169 0.21512953367875648 0.07561643835616438
3 0.5335751295336788 0.58337899543379 0.05880829015544041 0.0636986301369863
3 0.40922279792746113 0.6168949771689497 0.15248704663212434 0.055342465753424656
3 0.613782383419689 0.6719178082191781 0.02098445595854922 0.08986301369863013
3 0.3704663212435233 0.6816438356164384 0.21917098445595853 0.049771689497716896
3 0.544818652849741 0.7151598173515982 0.09036269430051815 0.17639269406392696
3 0.42 0.7856164383561645 0.12906735751295337 0.11643835616438356
3 0.27134715025906736 0.7866210045662101 0.13808290155440414 0.12876712328767123
3 0.3812953367875648 0.869406392694064 0.22279792746113988 0.028264840182648403
3 0.375440414507772 0.9494520547945206 0.2561139896373057 0.10105022831050228
3 0.5349222797927461 0.1428767123287671 0.08854922279792746 0.11739726027397261
3 0.6072538860103627 0.1452511415525114 0.02139896373056995 0.05707762557077625
3 0.627979274611399 0.3177625570776256 0.07191709844559586 0.0645662100456621
3 0.3950259067357513 0.38269406392694066 0.08357512953367875 0.03159817351598174
3 0.6158031088082901 0.40748858447488584 0.12865284974093263 0.09310502283105022
3 0.39031088082901555 0.42118721461187214 0.13269430051813472 0.021278538812785387