3 0.08192660550458715 0.1972344013490725 0.16394495412844037 0.05890387858347386
3 0.141651376146789 0.28026981450252947 0.2648623853211009 0.0681450252951096
3 0.24596330275229356 0.3502529510961214 0.3130275229357798 0.047892074198988194
3 0.36871559633027523 0.41347386172006745 0.3062385321100918 0.0478752107925801
3 0.47073394495412846 0.4832377740303541 0.22128440366972477 0.05669477234401349
3 0.5969724770642201 0.54858347386172 0.32688073394495415 0.04403035413153457
3 0.7345871559633027 0.6063237774030354 0.32688073394495415 0.04148397976391231
3 0.8428440366972477 0.6645025295109612 0.31422018348623854 0.03978077571669477
3 0.8772477064220184 0.726256323777403 0.24541284403669725 0.04946037099494097
3 0.9288990825688074 0.7755649241146712 0.14220183486238533 0.02163575042158516
3 0.799908256880734 0.922681281618887 0.2511926605504587 0.08819561551433389