3 0.9927165354330709 0.5542307692307693 0.01456692913385827 0.07142857142857142
3 0.4883070866141732 0.5674175824175824 0.9625984251968503 0.08565934065934065
3 0.8999212598425197 0.6443406593406593 0.033188976377952754 0.044120879120879114
3 0.44279527559055115 0.6648901098901099 0.8424409448818897 0.07302197802197802
3 0.405748031496063 0.7469230769230769 0.7333464566929134 0.05384615384615385
3 0.6174803149606299 0.8077472527472527 0.06023622047244095 0.04120879120879121
3 0.31401574803149607 0.8341758241758241 0.5177952755905513 0.06967032967032967
3 0.46653543307086615 0.9176373626373626 0.04708661417322835 0.0656043956043956
3 0.24125984251968505 0.9279670329670329 0.3460236220472441 0.09043956043956045
3 0.7589370078740157 0.11675824175824176 0.37236220472440945 0.09999999999999999
3 0.6612204724409448 0.22868131868131866 0.5910629921259842 0.1365934065934066
3 0.8534251968503938 0.03087912087912088 0.15303149606299213 0.061813186813186816
3 0.32405511811023624 0.2754945054945055 0.06251968503937008 0.034835164835164835
3 0.4788188976377953 0.4040659340659341 0.9524015748031496 0.19434065934065933
3 0.9782283464566929 0.42521978021978024 0.02940944881889764 0.15527472527472527